#! FIELDS time phi psi
#! SET min_phi -pi
#! SET max_phi pi
#! SET min_psi -pi
#! SET max_psi pi
 0.000000 -1.256671 2.876745
 0.200000 -2.718331 2.425410
 0.400000 -2.335184 2.670359
 0.600000 -2.015236 2.711389
 0.800000 -1.854280 2.394491
 1.000000 -2.313760 2.273126
 1.200000 -2.481563 3.132956
 1.400000 -2.226607 2.871766
 1.600000 -1.770859 2.074325
 1.800000 -1.158739 0.986324
 2.000000 -1.311918 0.599984
 2.200000 -1.344196 0.910272
 2.400000 -1.483154 1.351569
 2.600000 -1.128388 0.941635
 2.800000 -1.726019 1.023552
 3.000000 -1.417609 1.010146
 3.200000 -1.581768 1.294876
 3.400000 -1.183875 1.294100
 3.600000 -1.624284 0.995039
 3.800000 -1.047709 0.685811
 4.000000 -1.512348 1.027828
 4.200000 -1.604909 1.516761
 4.400000 -1.748175 1.714605
 4.600000 -1.069539 1.815036
 4.800000 -1.395399 1.607327
 5.000000 -1.140362 0.799674
 5.200000 -1.767474 0.543629
 5.400000 -1.161530 0.631594
 5.600000 -1.597319 1.942098
 5.800000 -1.252028 2.634674
 6.000000 -2.334795 2.617174
 6.200000 -2.909803 2.592464
 6.400000 -1.831353 3.005293
 6.600000 -1.231745 2.436819
 6.800000 -1.453034 1.117502
 7.000000 -1.634726 0.123324
 7.200000 -1.533327 -0.069122
 7.400000 -1.332025 0.696574
 7.600000 -1.422229 2.218347
 7.800000 -1.411084 2.819594
 8.000000 -2.910912 2.686560
 8.200000 -2.317494 2.805610
 8.400000 -1.462850 2.490242
 8.600000 -1.407645 2.090502
 8.800000 -1.157114 1.185910
 9.000000 -1.456226 0.494234
 9.200000 -0.920859 0.286792
 9.400000 -1.669041 1.132846
 9.600000 -1.224979 1.595213
 9.800000 -1.732927 2.070287
 10.000000 -2.329349 2.662323
 10.200000 -2.724632 -2.994884
 10.400000 -2.471248 2.588590
 10.600000 -1.959929 2.245892
 10.800000 -1.696053 2.549736
 11.000000 -1.477976 2.855744
 11.200000 -2.108776 2.242777
 11.400000 -2.093592 2.234622
 11.600000 -2.614477 2.645632
 11.800000 -2.777247 3.091803
 12.000000 -2.279038 2.753468
 12.200000 -1.773429 2.053966
 12.400000 -1.189260 1.788291
 12.600000 -1.514575 1.060537
 12.800000 -1.230764 -0.290138
 13.000000 -1.258975 -0.246335
 13.200000 -1.390823 0.923921
 13.400000 -1.517715 2.220278
 13.600000 -1.486752 3.029983
 13.800000 -2.622631 2.612289
 14.000000 -2.250847 2.931469
 14.200000 -2.339828 2.713112
 14.400000 -2.513924 2.483845
 14.600000 -2.261583 2.980568
 14.800000 -2.498338 2.820113
 15.000000 -2.132179 2.626286
 15.200000 -1.693926 2.727440
 15.400000 -1.233654 2.233241
 15.600000 -1.504516 1.483125
 15.800000 -0.880515 0.301766
 16.000000 -1.886999 0.345204
 16.200000 -1.281117 0.798932
 16.400000 -1.379468 1.355614
 16.600000 -1.254062 1.921732
 16.800000 -1.347616 2.136334
 17.000000 -1.555434 2.323652
 17.200000 -2.000527 2.525858
 17.400000 -2.658518 2.883687
 17.600000 -2.340404 3.062733
 17.800000 -1.895493 2.511939
 18.000000 -1.421342 1.990157
 18.200000 -1.307893 1.403053
 18.400000 -1.448349 0.462912
 18.600000 -1.298510 0.338329
 18.800000 -1.265604 0.840765
 19.000000 -1.432040 1.809981
 19.200000 -1.517657 2.308589
 19.400000 -1.669649 2.629255
 19.600000 -2.217101 2.323632
 19.800000 -2.401755 2.939378
 20.000000 -2.488847 3.098696
 20.200000 -2.419882 2.350957
 20.400000 -1.540537 2.384665
 20.600000 -1.118531 2.456188
 20.800000 -1.821867 2.026209
 21.000000 -2.532094 2.165388
 21.200000 -2.806373 -3.116169
 21.400000 -2.678728 -3.047944
 21.600000 -2.438228 2.228210
 21.800000 -1.407109 2.322936
 22.000000 -1.097675 2.340641
 22.200000 -2.006994 2.059857
 22.400000 -2.578364 2.645223
 22.600000 -2.692764 -3.032036
 22.800000 -2.636499 2.292388
 23.000000 -1.892772 1.894777
 23.200000 -1.201376 2.153436
 23.400000 -1.708464 2.092132
 23.600000 -2.498578 2.483648
 23.800000 -2.884014 -3.114134
 24.000000 -2.325791 2.677119
 24.200000 -1.685041 1.752383
 24.400000 -1.380495 0.990009
 24.600000 -1.612822 -0.142482
 24.800000 -1.162793 -0.184592
 25.000000 -1.377627 0.738343
 25.200000 -1.528631 2.052793
 25.400000 -1.669433 3.042323
 25.600000 -2.576981 2.684537
 25.800000 -2.301537 2.697348
 26.000000 -2.184239 2.792262
 26.200000 -2.654001 2.589992
 26.400000 -2.407911 2.948808
 26.600000 -1.762016 2.726397
 26.800000 -2.124356 1.978267
 27.000000 -1.966641 2.568158
 27.200000 -2.625878 2.990207
 27.400000 -2.537388 2.647149
 27.600000 -1.875158 2.396139
 27.800000 -1.128537 2.544451
 28.000000 -1.833248 1.933595
 28.200000 -1.315767 1.156485
 28.400000 -1.718803 0.626942
 28.600000 -1.224001 0.348547
 28.800000 -1.433116 1.023032
 29.000000 -1.393683 1.561068
 29.200000 -1.260096 1.297376
 29.400000 -1.470037 0.734090
 29.600000 -1.329607 0.627343
 29.800000 -1.613412 1.005545
 30.000000 -1.429978 1.695254
 30.200000 -1.399989 2.033333
 30.400000 -1.421326 2.124788
 30.600000 -1.517066 2.445090
 30.800000 -1.701869 2.631360
 31.000000 -2.414632 2.425707
 31.200000 -2.691971 2.731000
 31.400000 -2.319303 2.941284
 31.600000 -2.647026 2.255593
 31.800000 -2.162400 2.638233
 32.000000 -2.445125 2.913135
 32.200000 -2.316787 2.763545
 32.400000 -2.248333 2.523132
 32.600000 -2.457616 2.566983
 32.800000 -2.316100 2.949427
 33.000000 -2.332517 2.665426
 33.200000 -2.539164 2.781683
 33.400000 -2.626102 2.741140
 33.600000 -2.743180 2.727241
 33.800000 -2.505616 2.951975
 34.000000 -2.642460 2.514677
 34.200000 -2.310145 2.739055
 34.400000 -2.394116 2.784553
 34.600000 -2.525765 2.725918
 34.800000 -2.277499 2.659780
 35.000000 -2.628597 2.603011
 35.200000 -2.417695 2.935018
 35.400000 -2.696825 2.772095
 35.600000 -2.670156 2.458648
 35.800000 -1.849654 2.775459
 36.000000 -1.878127 2.432197
 36.200000 -1.728716 2.154716
 36.400000 -1.703474 2.299330
 36.600000 -1.751581 2.689465
 36.800000 -2.510356 2.660470
 37.000000 -2.495823 2.818271
 37.200000 -2.266336 2.893690
 37.400000 -2.473293 2.426743
 37.600000 -2.391968 2.619846
 37.800000 -2.324027 2.986550
 38.000000 -2.585430 2.659321
 38.200000 -2.418538 2.599961
 38.400000 -2.321934 2.673688
 38.600000 -2.698863 2.793547
 38.800000 -2.492038 2.811119
 39.000000 -2.572862 2.556069
 39.200000 -2.361507 2.690805
 39.400000 -2.705587 2.691964
 39.600000 -2.300883 2.775779
 39.800000 -2.532263 2.621321
 40.000000 -2.506449 2.762701
 40.200000 -2.459431 2.878835
 40.400000 -2.591381 2.422996
 40.600000 -2.220390 2.736752
 40.800000 -2.653960 2.637612
 41.000000 -2.356339 2.820317
 41.200000 -2.467181 2.683455
 41.400000 -2.748278 2.618580
 41.600000 -2.390930 2.838895
 41.800000 -2.704436 2.302185
 42.000000 -2.415707 2.795165
 42.200000 -2.620633 2.830171
 42.400000 -2.533803 2.615089
 42.600000 -2.366611 2.673475
 42.800000 -2.624195 2.867088
 43.000000 -1.956623 2.690269
 43.200000 -1.715387 2.427968
 43.400000 -1.306769 2.130750
 43.600000 -1.324412 1.906594
 43.800000 -1.362749 1.020065
 44.000000 -1.487506 0.538059
 44.200000 -1.247434 0.582123
 44.400000 -1.576666 1.335434
 44.600000 -1.374745 1.637309
 44.800000 -1.858442 1.669889
 45.000000 -1.781165 2.147154
 45.200000 -1.465397 2.787551
 45.400000 -1.681338 2.370498
 45.600000 -2.073679 2.046571
 45.800000 -2.157227 2.459456
 46.000000 -2.858945 -3.053649
 46.200000 -2.481908 2.707988
 46.400000 -1.866772 2.092901
 46.600000 -1.055107 1.793717
 46.800000 -1.543661 1.456798
 47.000000 -1.209185 0.431641
 47.200000 -1.335706 0.531736
 47.400000 -1.307083 1.427441
 47.600000 -1.404548 1.584998
 47.800000 -1.352392 0.952792
 48.000000 -1.325438 0.283249
 48.200000 -1.698133 0.955863
 48.400000 -1.205298 1.638677
 48.600000 -1.443387 1.810598
 48.800000 -2.045608 1.909966
 49.000000 -2.361109 2.746457
 49.200000 -2.765521 3.127298
 49.400000 -2.291809 2.627279
 49.600000 -1.569805 2.125176
 49.800000 -1.393204 1.812925
 50.000000 -1.498435 1.049984
 50.200000 -1.461145 0.369188
 50.400000 -1.156162 0.580810
 50.600000 -1.601259 1.597387
 50.800000 -0.975117 1.973773
 51.000000 -1.614892 2.080876
 51.200000 -2.483883 2.481749
 51.400000 -2.668652 -2.945083
 51.600000 -2.482276 2.673329
 51.800000 -2.461620 2.281545
 52.000000 -2.206642 2.742543
 52.200000 -2.824145 2.960288
 52.400000 -2.165081 2.658375
 52.600000 -1.351730 2.347492
 52.800000 -1.308285 1.591313
 53.000000 -1.248396 0.292799
 53.200000 -1.434067 -0.235477
 53.400000 -1.297121 0.253046
 53.600000 -1.365093 1.400479
 53.800000 -1.233640 1.935010
 54.000000 -1.644661 2.367623
 54.200000 -1.686876 2.545396
 54.400000 -2.620891 2.580537
 54.600000 -2.491883 2.928972
 54.800000 -2.674999 2.712512
 55.000000 -2.540320 2.393238
 55.200000 -2.289824 2.805459
 55.400000 -2.761588 2.791109
 55.600000 -2.245770 2.575603
 55.800000 -1.438288 2.517412
 56.000000 -1.268226 1.763731
 56.200000 -1.506928 0.635140
 56.400000 -1.148129 0.032870
 56.600000 -1.551773 0.312472
 56.800000 -1.132814 1.168637
 57.000000 -1.632746 2.016935
 57.200000 -1.610321 2.725471
 57.400000 -2.358961 2.953477
 57.600000 -2.777935 2.632962
 57.800000 -1.684282 2.639189
 58.000000 -1.087264 2.248293
 58.200000 -1.654207 1.086163
 58.400000 -1.518680 0.341825
 58.600000 -1.532017 0.363621
 58.800000 -1.691086 0.920323
 59.000000 -1.444132 1.809444
 59.200000 -1.294541 1.799943
 59.400000 -1.585870 1.846084
 59.600000 -1.228967 1.468733
 59.800000 -1.682008 0.745365
 60.000000 -1.279370 0.103735
 60.200000 -1.343962 0.646306
 60.400000 -1.448145 1.639670
 60.600000 -1.428756 1.995280
 60.800000 -1.345678 1.977732
 61.000000 -1.673664 1.632970
 61.200000 -1.526879 1.201148
 61.400000 -1.424091 0.497502
 61.600000 -1.368429 1.019040
 61.800000 -1.234270 1.565758
 62.000000 -1.675467 1.530492
 62.200000 -1.252380 1.012631
 62.400000 -1.322276 0.746732
 62.600000 -1.614803 1.026537
 62.800000 -1.519733 1.419469
 63.000000 -1.387267 1.261836
 63.200000 -1.558691 0.823189
 63.400000 -1.272282 0.850856
 63.600000 -1.220386 1.157273
 63.800000 -1.657043 1.250188
 64.000000 -1.432110 1.044380
 64.200000 -2.026688 1.091295
 64.400000 -1.324429 1.083575
 64.600000 -1.512680 1.222436
 64.800000 -1.527631 1.071997
 65.000000 -1.244738 0.981794
 65.200000 -1.580247 1.072425
 65.400000 -1.620084 1.166434
 65.600000 -1.706592 1.202645
 65.800000 -1.369533 1.154683
 66.000000 -1.337589 1.015366
 66.200000 -1.381101 0.880315
 66.400000 -1.326146 1.097344
 66.600000 -1.380422 1.237140
 66.800000 -1.326728 0.986040
 67.000000 -1.394563 0.902353
 67.200000 -1.520160 1.233646
 67.400000 -1.673579 1.748072
 67.600000 -1.185116 2.253626
 67.800000 -1.388542 2.544140
 68.000000 -2.553259 2.563054
 68.200000 -2.516176 -3.137337
 68.400000 -2.526757 2.858659
 68.600000 -2.378078 2.261364
 68.800000 -1.773527 2.668342
 69.000000 -2.122575 2.795554
 69.200000 -2.632640 2.469346
 69.400000 -2.470009 2.834732
 69.600000 -2.617974 2.781403
 69.800000 -2.509685 2.675457
 70.000000 -2.003209 2.676803
 70.200000 -2.163756 2.216527
 70.400000 -2.135563 2.579396
 70.600000 -2.878249 2.985649
 70.800000 -2.813879 2.899842
 71.000000 -2.207847 2.402843
 71.200000 -2.073334 2.365148
 71.400000 -2.373502 2.919015
 71.600000 -2.682734 2.887154
 71.800000 -2.019729 2.728542
 72.000000 -2.037552 2.272962
 72.200000 -2.606720 2.710956
 72.400000 -2.600201 -3.010519
 72.600000 -2.304654 2.378870
 72.800000 -2.378908 1.658447
 73.000000 -1.655866 2.012079
 73.200000 -1.090907 2.296250
 73.400000 -1.759481 2.271898
 73.600000 -2.695095 2.598123
 73.800000 -2.369452 -3.062693
 74.000000 -2.386310 2.403870
 74.200000 -2.363133 1.957517
 74.400000 -1.970256 2.691219
 74.600000 -1.451258 2.973572
 74.800000 -2.011423 2.074512
 75.000000 -1.765645 1.758593
 75.200000 -1.104909 2.029935
 75.400000 -1.285114 2.255537
 75.600000 -2.481661 2.485383
 75.800000 -2.472994 -3.029681
 76.000000 -2.565483 2.705343
 76.200000 -2.452016 2.422607
 76.400000 -2.247787 2.807130
 76.600000 -2.507454 2.905312
 76.800000 -2.484131 2.673665
 77.000000 -1.181991 2.842629
 77.200000 -1.508049 1.764584
 77.400000 -1.244250 0.601442
 77.600000 -1.243345 0.256302
 77.800000 -1.601002 0.985945
 78.000000 -0.970922 1.842725
 78.200000 -1.897228 2.653059
 78.400000 -2.828161 2.944865
 78.600000 -2.587935 2.998967
 78.800000 -2.351770 2.327525
 79.000000 -2.228290 2.369208
 79.200000 -2.213145 2.669746
 79.400000 -2.852687 2.829804
 79.600000 -2.305473 2.884845
 79.800000 -2.572879 2.332481
 80.000000 -2.240037 2.693404
 80.200000 -2.736734 2.700040
 80.400000 -2.523353 2.728333
 80.600000 -2.522289 2.591548
 80.800000 -2.778600 2.647244
 81.000000 -2.609325 2.837008
 81.200000 -2.587959 2.534792
 81.400000 -2.467507 2.681474
 81.600000 -2.721823 2.778330
 81.800000 -2.468021 2.818107
 82.000000 -2.457655 2.620767
 82.200000 -2.403985 2.615995
 82.400000 -2.656889 2.965168
 82.600000 -2.594703 2.653586
 82.800000 -2.247399 2.677106
 83.000000 -2.582288 2.649882
 83.200000 -2.532833 2.936648
 83.400000 -2.464405 2.570712
 83.600000 -2.622045 2.463044
 83.800000 -2.386402 2.970688
 84.000000 -2.800598 2.727349
 84.200000 -2.044490 2.698345
 84.400000 -2.057585 2.657582
 84.600000 -2.681104 2.484545
 84.800000 -2.681070 2.953467
 85.000000 -2.686317 2.885115
 85.200000 -2.424203 2.325770
 85.400000 -1.887935 2.514676
 85.600000 -1.739329 2.689790
 85.800000 -2.363987 2.387308
 86.000000 -2.392776 2.978130
 86.200000 -2.542532 2.955381
 86.400000 -2.473807 2.289612
 86.600000 -2.023347 2.627233
 86.800000 -1.876816 2.810968
 87.000000 -2.701280 2.587054
 87.200000 -2.544745 2.895383
 87.400000 -2.460664 2.790356
 87.600000 -2.730482 2.457337
 87.800000 -2.200237 3.131650
 88.000000 -2.896339 2.485264
 88.200000 -1.767353 2.723216
 88.400000 -1.282374 2.179536
 88.600000 -1.322699 1.080364
 88.800000 -1.297839 -0.113095
 89.000000 -1.315100 -0.004216
 89.200000 -1.300221 0.882766
 89.400000 -1.287603 1.884611
 89.600000 -1.341152 1.977031
 89.800000 -1.419744 1.858236
 90.000000 -1.327484 1.490533
 90.200000 -1.615694 0.764766
 90.400000 -1.228340 0.481351
 90.600000 -1.601989 0.878888
 90.800000 -1.445280 1.553410
 91.000000 -1.928859 2.459645
 91.200000 -2.102554 2.995677
 91.400000 -2.606345 2.684467
 91.600000 -2.224759 2.730194
 91.800000 -2.240950 2.624069
 92.000000 -2.598357 2.695330
 92.200000 -2.214496 2.933257
 92.400000 -2.684921 2.451631
 92.600000 -2.162799 2.687773
 92.800000 -2.731337 2.557141
 93.000000 -2.508361 2.732195
 93.200000 -2.425568 2.584691
 93.400000 -2.875212 2.324581
 93.600000 -1.836124 2.972267
 93.800000 -2.114195 2.541069
 94.000000 -2.457119 2.626287
 94.200000 -2.696781 3.112350
 94.400000 -2.500303 2.885110
 94.600000 -2.609551 2.202029
 94.800000 -1.214390 2.731380
 95.000000 -1.750383 2.256821
 95.200000 -2.531522 2.022556
 95.400000 -2.568674 2.746040
 95.600000 -2.789760 -2.863256
 95.800000 -2.252070 2.528038
 96.000000 -1.074598 1.686806
 96.200000 -1.699965 1.031456
 96.400000 -1.922330 0.596182
 96.600000 -1.459371 0.144544
 96.800000 -1.624911 0.323749
 97.000000 -1.637557 1.311922
 97.200000 -1.184683 1.953156
 97.400000 -1.974325 2.199567
 97.600000 -2.725796 2.569145
 97.800000 -2.607039 -2.985686
 98.000000 -2.631820 2.712003
 98.200000 -2.165288 2.356960
 98.400000 -2.073817 2.680294
 98.600000 -2.835393 2.697647
 98.800000 -2.092081 2.895697
 99.000000 -2.349461 2.372551
 99.200000 -2.409208 2.694281
 99.400000 -2.644249 2.947485
 99.600000 -2.675447 2.507749
 99.800000 -2.388107 2.535654
 100.000000 -2.730897 2.863171
 100.200000 -2.480504 2.850409
 100.400000 -2.623874 2.648918
 100.600000 -2.433405 2.896344
 100.800000 -2.698481 2.714367
 101.000000 -2.500519 2.918041
 101.200000 -2.390456 2.764701
 101.400000 -2.508235 2.664394
 101.600000 -2.277112 2.973805
 101.800000 -2.556502 2.668023
 102.000000 -2.285063 2.727555
 102.200000 -2.400217 2.667650
 102.400000 -2.495195 2.842480
 102.600000 -2.170739 2.673766
 102.800000 -2.548200 2.523865
 103.000000 -2.534250 2.902722
 103.200000 -2.451326 2.787944
 103.400000 -2.581252 2.452050
 103.600000 -2.421479 2.944598
 103.800000 -2.859737 2.628357
 104.000000 -2.311918 2.763967
 104.200000 -2.510407 2.577473
 104.400000 -2.631574 2.879251
 104.600000 -2.441190 3.006247
 104.800000 -2.619658 2.493038
 105.000000 -1.997219 2.831692
 105.200000 -2.651052 2.692651
 105.400000 -2.532925 2.723548
 105.600000 -2.112712 2.706261
 105.800000 -2.330615 2.569593
 106.000000 -2.536526 2.799835
 106.200000 -2.787592 2.821657
 106.400000 -2.177102 2.624010
 106.600000 -2.495028 2.689120
 106.800000 -2.780683 3.040242
 107.000000 -2.600397 2.765411
 107.200000 -2.234608 2.545726
 107.400000 -2.351924 2.761390
 107.600000 -2.950498 2.783118
 107.800000 -2.531283 2.807811
 108.000000 -2.367352 2.562356
 108.200000 -2.638027 2.617014
 108.400000 -2.594858 2.905223
 108.600000 -2.650665 2.610215
 108.800000 -2.130803 2.642077
 109.000000 -2.381871 2.370980
 109.200000 -2.819348 2.824187
 109.400000 -2.199543 2.942673
 109.600000 -2.480389 2.321443
 109.800000 -2.451726 2.778986
 110.000000 -2.771008 3.040908
 110.200000 -2.226637 2.554407
 110.400000 -1.906921 2.195152
 110.600000 -1.745067 2.683637
 110.800000 -1.847294 2.338502
 111.000000 -2.507483 2.457812
 111.200000 -2.808807 3.026091
 111.400000 -2.670248 3.079347
 111.600000 -2.401054 2.344833
 111.800000 -2.169477 2.406610
 112.000000 -1.954118 2.718548
 112.200000 -2.866103 2.697661
 112.400000 -2.243419 2.868767
 112.600000 -2.741820 2.460669
 112.800000 -2.658702 2.709900
 113.000000 -2.342548 2.879194
 113.200000 -2.740793 2.443155
 113.400000 -2.351610 2.898163
 113.600000 -2.680324 2.768741
 113.800000 -2.331099 2.757170
 114.000000 -2.415322 2.781527
 114.200000 -2.681107 2.669938
 114.400000 -2.177866 2.864372
 114.600000 -2.590905 2.568334
 114.800000 -2.497985 2.921917
 115.000000 -2.589689 2.762114
 115.200000 -2.462484 2.767478
 115.400000 -2.255934 2.682179
 115.600000 -2.665196 2.780169
 115.800000 -2.487038 2.969437
 116.000000 -2.696610 2.647858
 116.200000 -2.143893 2.841648
 116.400000 -2.444124 2.669890
 116.600000 -2.570786 2.702935
 116.800000 -2.158330 3.019737
 117.000000 -2.688727 2.351685
 117.200000 -2.173706 2.796359
 117.400000 -2.169739 2.641017
 117.600000 -2.607155 2.337760
 117.800000 -1.881790 3.047182
 118.000000 -2.467889 2.520700
 118.200000 -2.518439 2.375447
 118.400000 -2.419608 2.927539
 118.600000 -2.812982 2.697378
 118.800000 -2.214703 2.568733
 119.000000 -1.458487 2.612765
 119.200000 -1.422767 2.175370
 119.400000 -1.398499 1.487284
 119.600000 -1.357472 0.497631
 119.800000 -1.432407 0.640285
 120.000000 -1.134178 1.438624
 120.200000 -1.514567 1.616918
 120.400000 -1.366149 1.273373
 120.600000 -1.214517 0.502455
 120.800000 -1.640709 0.700175
 121.000000 -1.276579 1.264595
 121.200000 -1.489888 1.759881
 121.400000 -1.270996 1.998250
 121.600000 -1.211336 1.831195
 121.800000 -1.345343 1.389997
 122.000000 -1.355004 0.489871
 122.200000 -1.370320 0.292394
 122.400000 -1.484754 1.145153
 122.600000 -1.316796 1.628029
 122.800000 -1.304649 1.394803
 123.000000 -1.413835 0.666474
 123.200000 -1.248246 0.390293
 123.400000 -1.432312 1.433360
 123.600000 -1.574820 2.015752
 123.800000 -1.443926 2.464329
 124.000000 -1.920374 2.575181
 124.200000 -2.393736 2.658571
 124.400000 -2.391297 2.998123
 124.600000 -2.565153 2.732325
 124.800000 -2.326912 2.611163
 125.000000 -2.144021 2.601353
 125.200000 -2.520381 2.718462
 125.400000 -2.428756 2.978129
 125.600000 -2.763551 2.557641
 125.800000 -2.172024 2.707588
 126.000000 -2.550807 2.857824
 126.200000 -2.737735 2.586256
 126.400000 -2.322401 2.828747
 126.600000 -2.846745 2.466924
 126.800000 -2.323639 2.929509
 127.000000 -2.696073 2.614317
 127.200000 -2.543110 2.714761
 127.400000 -2.358836 2.908638
 127.600000 -2.843866 2.662100
 127.800000 -2.252227 2.831253
 128.000000 -2.671177 2.772094
 128.200000 -2.907455 2.969117
 128.400000 -2.413625 2.916874
 128.600000 -2.750278 2.351530
 128.800000 -1.964883 2.957609
 129.000000 -2.692006 2.617973
 129.200000 -2.479890 2.625552
 129.400000 -2.212278 2.940049
 129.600000 -2.656396 2.436399
 129.800000 -2.225550 2.860596
 130.000000 -2.515930 2.796805
 130.200000 -2.600723 2.736834
 130.400000 -2.495086 2.793354
 130.600000 -2.683969 2.657333
 130.800000 -2.489845 2.861721
 131.000000 -2.808210 2.711463
 131.200000 -2.374288 2.961508
 131.400000 -2.535508 2.825795
 131.600000 -2.594695 2.752825
 131.800000 -2.310369 2.956889
 132.000000 -2.933820 2.613769
 132.200000 -2.157672 2.841555
 132.400000 -2.528866 2.479045
 132.600000 -2.671870 2.842626
 132.800000 -2.438864 2.965852
 133.000000 -2.828070 2.532793
 133.200000 -1.884423 2.900165
 133.400000 -1.946970 2.307644
 133.600000 -2.480342 2.488850
 133.800000 -2.400756 -2.991587
 134.000000 -2.593709 2.739078
 134.200000 -2.117353 2.626813
 134.400000 -1.685790 2.714497
 134.600000 -1.718900 2.382468
 134.800000 -1.490677 1.928234
 135.000000 -1.108392 1.568933
 135.200000 -1.451689 0.800761
 135.400000 -1.451763 0.258770
 135.600000 -1.486478 0.248772
 135.800000 -1.354796 0.725697
 136.000000 -1.340594 1.836854
 136.200000 -1.518751 2.151696
 136.400000 -1.586242 2.676476
 136.600000 -2.355949 2.597767
 136.800000 -2.578347 3.033774
 137.000000 -2.557665 2.779385
 137.200000 -2.140845 2.558752
 137.400000 -2.478371 2.559836
 137.600000 -2.497558 3.069479
 137.800000 -2.457131 2.810033
 138.000000 -2.325431 2.413830
 138.200000 -2.389023 2.791932
 138.400000 -2.651014 2.920593
 138.600000 -2.061066 2.646772
 138.800000 -2.709621 2.536757
 139.000000 -2.610089 3.056935
 139.200000 -2.586568 2.737443
 139.400000 -2.321316 2.504567
 139.600000 -2.354835 3.033703
 139.800000 -2.741488 2.690033
 140.000000 -1.788835 2.578485
 140.200000 -1.115503 1.951378
 140.400000 -1.250473 1.247892
 140.600000 -1.259791 0.227258
 140.800000 -1.435540 0.409335
 141.000000 -1.389882 1.187389
 141.200000 -1.445102 1.873966
 141.400000 -1.469752 1.999425
 141.600000 -1.307875 1.960396
 141.800000 -1.319807 2.041948
 142.000000 -1.275466 1.768722
 142.200000 -1.525500 1.059277
 142.400000 -1.339673 0.622456
 142.600000 -1.353331 1.008627
 142.800000 -1.278815 1.317018
 143.000000 -1.471389 1.308902
 143.200000 -1.403701 0.762022
 143.400000 -1.272298 0.763874
 143.600000 -1.388846 1.430324
 143.800000 -1.364856 1.422268
 144.000000 -1.394141 0.995649
 144.200000 -1.372758 0.326704
 144.400000 -1.366789 0.914821
 144.600000 -1.436927 1.677650
 144.800000 -1.422233 1.816705
 145.000000 -1.388923 1.390154
 145.200000 -1.381585 0.455066
 145.400000 -1.240180 0.068519
 145.600000 -1.686207 0.651423
 145.800000 -1.112557 1.292602
 146.000000 -1.346975 1.585201
 146.200000 -1.252325 1.151938
 146.400000 -1.410106 0.678353
 146.600000 -1.510435 0.888527
 146.800000 -1.040685 1.411286
 147.000000 -1.507651 1.365213
 147.200000 -1.287935 0.772788
 147.400000 -1.920856 0.618460
 147.600000 -1.930469 0.148770
 147.800000 -1.017612 0.002194
 148.000000 -1.601848 1.051698
 148.200000 -1.071744 1.670279
 148.400000 -1.740611 1.712367
 148.600000 -1.419472 1.306748
 148.800000 -1.460799 0.710739
 149.000000 -1.332832 0.728386
 149.200000 -1.286414 1.326812
 149.400000 -1.479311 1.344699
 149.600000 -1.361745 0.768983
 149.800000 -1.301084 0.742906
 150.000000 -1.565066 1.240038
 150.200000 -1.391659 1.361961
 150.400000 -1.191082 0.438705
 150.600000 -1.561815 0.360899
 150.800000 -1.288927 0.898208
 151.000000 -1.229714 1.509869
 151.200000 -1.293013 1.484075
 151.400000 -1.415676 0.687916
 151.600000 -1.366346 0.808950
 151.800000 -1.295423 1.321252
 152.000000 -1.222173 1.349744
 152.200000 -1.231561 0.774961
 152.400000 -1.546754 0.893317
 152.600000 -1.457370 1.172547
 152.800000 -1.654184 1.657271
 153.000000 -1.192503 1.680386
 153.200000 -1.754958 1.379034
 153.400000 -1.416654 0.501910
 153.600000 -1.125695 0.512901
 153.800000 -1.576565 1.243219
 154.000000 -1.299259 1.515347
 154.200000 -1.397981 0.788912
 154.400000 -1.600542 0.384291
 154.600000 -1.562021 0.408306
 154.800000 -1.248098 1.036437
 155.000000 -1.356362 1.541344
 155.200000 -1.438476 1.644484
 155.400000 -1.451340 1.047644
 155.600000 -1.029642 0.364195
 155.800000 -1.757679 0.591642
 156.000000 -1.540233 1.360707
 156.200000 -1.676485 1.469977
 156.400000 -1.563261 1.386167
 156.600000 -1.495146 0.984855
 156.800000 -1.147872 0.769476
 157.000000 -1.506055 1.147314
 157.200000 -1.429441 1.441076
 157.400000 -1.235765 1.027625
 157.600000 -1.446735 0.741177
 157.800000 -1.306456 1.066009
 158.000000 -1.225615 1.382823
 158.200000 -1.481565 1.183611
 158.400000 -1.606605 1.029418
 158.600000 -1.466054 0.920317
 158.800000 -1.420232 1.300384
 159.000000 -1.118145 1.137326
 159.200000 -1.361745 0.917929
 159.400000 -1.539388 0.857476
 159.600000 -1.278199 0.980300
 159.800000 -1.497516 1.041798
 160.000000 -1.163730 0.977194
 160.200000 -1.756228 1.081178
 160.400000 -1.481198 1.166675
 160.600000 -1.443512 1.328038
 160.800000 -1.611962 1.179794
 161.000000 -1.201426 0.956676
 161.200000 -1.559931 1.259868
 161.400000 -1.455400 1.036220
 161.600000 -1.299982 1.125277
 161.800000 -1.587610 1.299890
 162.000000 -1.455432 1.110733
 162.200000 -1.303235 1.089576
 162.400000 -1.402071 0.985252
 162.600000 -1.543950 1.054841
 162.800000 -1.513507 1.167320
 163.000000 -2.108380 1.652163
 163.200000 -2.054386 2.587583
 163.400000 -2.380800 -2.899331
 163.600000 -2.727248 2.512241
 163.800000 -1.626404 2.235927
 164.000000 -0.990175 2.064679
 164.200000 -1.648803 1.650168
 164.400000 -1.716998 1.216418
 164.600000 -1.595398 0.702608
 164.800000 -1.362187 0.616527
 165.000000 -1.599091 1.056273
 165.200000 -1.189182 1.188075
 165.400000 -1.511823 1.007762
 165.600000 -1.482520 0.813508
 165.800000 -1.115464 0.908690
 166.000000 -1.618186 1.337038
 166.200000 -1.311825 1.276067
 166.400000 -1.366753 0.944843
 166.600000 -1.607184 1.111548
 166.800000 -1.380666 1.314004
 167.000000 -1.381626 1.250981
 167.200000 -1.590185 0.743006
 167.400000 -1.391978 0.857597
 167.600000 -1.217804 1.551139
 167.800000 -1.532984 1.484338
 168.000000 -1.430688 0.963672
 168.200000 -1.368671 0.911019
 168.400000 -1.729262 1.101352
 168.600000 -1.198393 1.217595
 168.800000 -1.719365 1.127542
 169.000000 -1.853527 1.012340
 169.200000 -1.706685 0.936940
 169.400000 -1.649200 1.120612
 169.600000 -1.399113 1.322816
 169.800000 -1.687796 1.371018
 170.000000 -1.171446 0.788771
 170.200000 -1.388212 0.807756
 170.400000 -1.252989 1.387657
 170.600000 -1.583455 1.551127
 170.800000 -1.464437 0.961054
 171.000000 -1.353045 0.673099
 171.200000 -1.563619 0.898524
 171.400000 -1.329861 1.394365
 171.600000 -1.402227 1.098717
 171.800000 -1.638266 0.800228
 172.000000 -1.298285 0.705832
 172.200000 -1.763147 1.479099
 172.400000 -0.860104 1.838855
 172.600000 -1.844146 2.215256
 172.800000 -2.756663 2.813501
 173.000000 -2.579529 3.114889
 173.200000 -2.606005 2.259013
 173.400000 -2.294362 2.426657
 173.600000 -2.444208 3.012718
 173.800000 -3.014029 2.822634
 174.000000 -1.925604 2.314363
 174.200000 -1.391233 2.326357
 174.400000 -1.285329 2.042592
 174.600000 -1.489095 1.468297
 174.800000 -1.619577 0.704945
 175.000000 -1.304323 0.445752
 175.200000 -1.508681 0.834540
 175.400000 -1.436471 1.510976
 175.600000 -1.567441 1.786129
 175.800000 -1.435980 1.969145
 176.000000 -1.519460 1.709471
 176.200000 -1.274698 1.373576
 176.400000 -1.401340 0.371054
 176.600000 -1.484777 0.571311
 176.800000 -1.221072 1.482027
 177.000000 -1.127652 1.356135
 177.200000 -1.305054 1.257385
 177.400000 -1.535464 0.433783
 177.600000 -1.340955 0.591595
 177.800000 -1.355142 1.357611
 178.000000 -1.560974 2.053362
 178.200000 -1.927946 2.840749
 178.400000 -2.323383 2.807741
 178.600000 -2.889660 2.588754
 178.800000 -1.688080 2.979844
 179.000000 -1.357698 2.073533
 179.200000 -1.366482 0.965796
 179.400000 -1.237473 -0.012203
 179.600000 -1.461786 -0.123799
 179.800000 -1.284099 0.624611
 180.000000 -1.281617 1.751044
 180.200000 -1.268001 2.803926
 180.400000 -2.345334 2.609907
 180.600000 -2.625193 2.536672
 180.800000 -1.848408 2.759627
 181.000000 -1.572862 2.422527
 181.200000 -1.562101 1.703212
 181.400000 -1.249518 0.906596
 181.600000 -1.548050 0.292990
 181.800000 -1.268365 0.106214
 182.000000 -1.896304 0.603066
 182.200000 -1.231668 1.232477
 182.400000 -1.478614 1.898532
 182.600000 -1.501686 2.314941
 182.800000 -1.427736 2.676082
 183.000000 -1.915964 2.344799
 183.200000 -2.403503 2.416973
 183.400000 -2.636861 2.881681
 183.600000 -2.387208 2.870132
 183.800000 -2.212192 2.107050
 184.000000 -1.441690 2.516294
 184.200000 -1.577830 2.484942
 184.400000 -1.417186 2.229885
 184.600000 -1.462308 2.083888
 184.800000 -1.386073 1.917371
 185.000000 -1.287194 1.016321
 185.200000 -1.363654 0.671608
 185.400000 -1.403514 1.061146
 185.600000 -1.316011 1.680936
 185.800000 -1.510535 1.732908
 186.000000 -1.232372 1.557985
 186.200000 -1.463251 0.665308
 186.400000 -1.294294 0.068309
 186.600000 -1.514850 0.736221
 186.800000 -1.486776 1.457018
 187.000000 -1.359692 1.645104
 187.200000 -1.404965 0.759962
 187.400000 -1.302597 0.173726
 187.600000 -1.249078 0.854513
 187.800000 -1.432957 1.616161
 188.000000 -1.280545 1.842543
 188.200000 -1.409853 1.508557
 188.400000 -1.477924 0.772837
 188.600000 -1.418338 0.396392
 188.800000 -1.436829 0.536847
 189.000000 -1.252124 1.372836
 189.200000 -1.541112 1.293275
 189.400000 -1.371081 0.934048
 189.600000 -1.168908 0.611957
 189.800000 -1.908667 0.941874
 190.000000 -1.141017 1.405878
 190.200000 -1.553785 1.833353
 190.400000 -2.442398 2.336825
 190.600000 -2.665260 -2.757020
 190.800000 -2.737800 3.076592
 191.000000 -2.417456 2.053271
 191.200000 -1.732803 1.977269
 191.400000 -1.272780 2.574108
 191.600000 -1.719990 2.523498
 191.800000 -2.862709 2.545389
 192.000000 -2.292778 -2.900464
 192.200000 -2.630871 2.345699
 192.400000 -2.188708 2.103265
 192.600000 -1.096342 2.980567
 192.800000 -1.985207 2.246326
 193.000000 -2.723898 2.293094
 193.200000 -2.231908 -2.909972
 193.400000 -2.772116 2.525255
 193.600000 -1.944748 2.312005
 193.800000 -1.060330 2.405922
 194.000000 -1.980409 1.981283
 194.200000 -2.288948 1.933646
 194.400000 -2.359712 2.819975
 194.600000 -2.686877 3.059489
 194.800000 -2.416606 2.237356
 195.000000 -1.577866 2.164090
 195.200000 -1.173738 2.346516
 195.400000 -1.737943 2.234459
 195.600000 -2.614250 2.273809
 195.800000 -2.467665 -2.823522
 196.000000 -2.781532 2.791630
 196.200000 -2.100389 2.148475
 196.400000 -1.337237 2.354954
 196.600000 -1.363928 2.496156
 196.800000 -2.198077 2.058742
 197.000000 -2.641217 2.799990
 197.200000 -2.458627 -2.978774
 197.400000 -2.786765 2.351624
 197.600000 -1.706816 2.412360
 197.800000 -1.225363 2.437055
 198.000000 -1.598801 2.149913
 198.200000 -2.347195 1.981654
 198.400000 -2.393349 3.112274
 198.600000 -2.767883 3.084323
 198.800000 -1.925396 2.204547
 199.000000 -1.188938 1.561238
 199.200000 -1.498486 0.782164
 199.400000 -0.976051 0.029710
 199.600000 -1.859614 0.469906
 199.800000 -1.952671 1.174421
 200.000000 -1.057020 1.502351
 200.200000 -2.018800 1.752276
 200.400000 -2.461700 2.505545
 200.600000 -2.845281 -2.862576
 200.800000 -2.608513 2.612538
 201.000000 -1.812345 1.849361
 201.200000 -1.153571 1.608630
 201.400000 -1.467339 0.941555
 201.600000 -1.608977 0.637475
 201.800000 -1.338682 1.257192
 202.000000 -2.121550 1.891358
 202.200000 -2.505575 2.762687
 202.400000 -2.781511 -2.949296
 202.600000 -2.346479 2.204192
 202.800000 -1.344154 1.891828
 203.000000 -1.323462 1.109033
 203.200000 -1.199757 0.591372
 203.400000 -1.476689 0.734213
 203.600000 -1.663975 1.358943
 203.800000 -1.133821 1.597446
 204.000000 -1.645081 1.773582
 204.200000 -2.518170 2.116806
 204.400000 -2.776814 3.089089
 204.600000 -2.611749 -3.121303
 204.800000 -2.481567 2.072543
 205.000000 -1.449323 2.245971
 205.200000 -1.164623 2.225335
 205.400000 -2.112228 2.105843
 205.600000 -2.792659 2.738038
 205.800000 -2.530984 -3.109153
 206.000000 -2.609077 2.389405
 206.200000 -2.092850 2.467258
 206.400000 -1.499353 2.586604
 206.600000 -1.346642 2.511630
 206.800000 -1.593108 1.892784
 207.000000 -1.046828 1.006446
 207.200000 -1.335080 0.513623
 207.400000 -1.897336 0.787843
 207.600000 -1.321128 0.952725
 207.800000 -1.460048 1.227682
 208.000000 -1.347297 1.007709
 208.200000 -1.315597 0.666532
 208.400000 -1.476240 0.793118
 208.600000 -1.473848 1.296267
 208.800000 -1.371587 1.691814
 209.000000 -1.432135 1.309203
 209.200000 -1.512409 0.673451
 209.400000 -1.265245 0.721361
 209.600000 -1.268392 1.404702
 209.800000 -1.554464 1.762794
 210.000000 -1.367786 0.965438
 210.200000 -1.325852 0.507836
 210.400000 -1.257731 1.200727
 210.600000 -1.083555 1.691791
 210.800000 -1.584816 1.924926
 211.000000 -1.082512 1.752254
 211.200000 -1.360077 1.397283
 211.400000 -1.264156 0.598577
 211.600000 -1.336648 0.607071
 211.800000 -1.549212 1.211994
 212.000000 -1.281514 1.229724
 212.200000 -1.289484 0.748585
 212.400000 -1.584800 0.529545
 212.600000 -1.491509 1.164018
 212.800000 -1.639798 1.650618
 213.000000 -1.393043 1.756702
 213.200000 -1.566387 1.002227
 213.400000 -1.244660 0.806724
 213.600000 -1.633110 1.044482
 213.800000 -1.045236 1.112838
 214.000000 -1.576925 1.381040
 214.200000 -1.514634 1.096549
 214.400000 -1.263826 0.988118
 214.600000 -1.548970 1.026494
 214.800000 -1.184703 1.093769
 215.000000 -1.210516 0.980877
 215.200000 -1.899484 1.080141
 215.400000 -1.124008 0.844685
 215.600000 -1.151915 1.020261
 215.800000 -1.643209 1.249830
 216.000000 -1.694342 1.008435
 216.200000 -1.454405 1.097488
 216.400000 -1.645042 1.258116
 216.600000 -1.420304 1.233771
 216.800000 -1.511427 1.097217
 217.000000 -1.226063 0.836103
 217.200000 -1.248496 1.093485
 217.400000 -1.537096 0.992327
 217.600000 -1.380676 0.915672
 217.800000 -1.331849 0.974991
 218.000000 -1.500515 1.093891
 218.200000 -1.456298 1.036745
 218.400000 -1.088734 0.932913
 218.600000 -1.364711 1.119278
 218.800000 -1.505107 0.843517
 219.000000 -1.339472 1.032741
 219.200000 -1.451369 1.057867
 219.400000 -1.481876 1.022756
 219.600000 -1.079688 0.772279
 219.800000 -1.421210 0.940307
 220.000000 -1.353187 1.158040
 220.200000 -1.394563 1.410344
 220.400000 -1.428394 0.939794
 220.600000 -1.681747 0.720320
 220.800000 -1.260109 1.087844
 221.000000 -1.379348 1.297702
 221.200000 -1.341995 0.984362
 221.400000 -1.377148 0.577714
 221.600000 -1.245583 0.842564
 221.800000 -1.391096 1.411537
 222.000000 -1.345433 0.987968
 222.200000 -1.518685 0.464120
 222.400000 -1.211033 0.562818
 222.600000 -1.460719 1.362350
 222.800000 -1.289533 1.662347
 223.000000 -1.319563 1.080191
 223.200000 -1.450680 0.702887
 223.400000 -1.399535 0.955907
 223.600000 -1.475500 1.520039
 223.800000 -1.670499 1.407320
 224.000000 -1.372593 0.783168
 224.200000 -1.224986 0.831099
 224.400000 -1.606850 1.253750
 224.600000 -1.214631 1.273886
 224.800000 -1.477972 0.837651
 225.000000 -1.411241 0.641011
 225.200000 -1.399342 1.209559
 225.400000 -1.404094 1.211595
 225.600000 -1.498594 1.040052
 225.800000 -1.421247 0.858198
 226.000000 -1.369025 1.272123
 226.200000 -1.511294 1.303661
 226.400000 -1.494290 0.805807
 226.600000 -1.277303 0.929607
 226.800000 -1.628085 1.422944
 227.000000 -1.241757 1.269980
 227.200000 -1.487961 0.624971
 227.400000 -1.325572 0.780946
 227.600000 -1.538912 1.534443
 227.800000 -1.262912 1.202168
 228.000000 -1.586257 0.848566
 228.200000 -1.387495 0.879825
 228.400000 -1.454363 1.347280
 228.600000 -1.163336 0.892865
 228.800000 -1.549962 0.708787
 229.000000 -1.503740 1.270684
 229.200000 -1.159907 1.368303
 229.400000 -1.480468 0.967393
 229.600000 -1.565800 0.579550
 229.800000 -1.263648 1.147799
 230.000000 -1.350696 1.841781
 230.200000 -1.559067 1.955391
 230.400000 -1.468079 2.070329
 230.600000 -1.336443 1.922281
 230.800000 -1.375640 1.551430
 231.000000 -1.383594 0.662282
 231.200000 -1.350943 0.402064
 231.400000 -1.447036 1.287407
 231.600000 -1.284537 1.885537
 231.800000 -1.483038 2.154183
 232.000000 -1.569264 2.537729
 232.200000 -1.457480 2.610538
 232.400000 -2.030390 2.271786
 232.600000 -2.476703 2.390733
 232.800000 -2.696178 -3.028271
 233.000000 -2.519115 2.560373
 233.200000 -1.943218 2.113414
 233.400000 -1.133433 2.022809
 233.600000 -1.463429 1.932705
 233.800000 -2.072728 1.340758
 234.000000 -1.092392 0.973591
 234.200000 -1.635922 0.959757
 234.400000 -1.562156 1.076726
 234.600000 -1.323039 1.103423
 234.800000 -1.473274 1.100768
 235.000000 -1.284234 0.809645
 235.200000 -1.461671 1.031220
 235.400000 -1.369278 1.285218
 235.600000 -1.431809 1.060901
 235.800000 -1.277856 0.861365
 236.000000 -1.305508 0.807579
 236.200000 -1.383562 1.083437
 236.400000 -1.265338 1.114361
 236.600000 -1.439055 0.895750
 236.800000 -1.232899 0.814855
 237.000000 -1.365608 1.123722
 237.200000 -1.332667 1.122787
 237.400000 -1.447079 1.028878
 237.600000 -1.466219 0.952332
 237.800000 -1.261796 1.017318
 238.000000 -1.525438 1.233606
 238.200000 -1.485550 0.971493
 238.400000 -1.466854 0.863779
 238.600000 -1.191122 0.960949
 238.800000 -1.486678 1.234437
 239.000000 -1.411821 1.052286
 239.200000 -1.521335 1.003273
 239.400000 -1.273316 1.090102
 239.600000 -1.560156 1.170759
 239.800000 -1.216775 0.994859
 240.000000 -1.225800 0.891191
 240.200000 -1.544189 1.117168
 240.400000 -1.502903 1.202106
 240.600000 -1.632682 0.946129
 240.800000 -1.540199 1.121316
 241.000000 -1.332496 1.266944
 241.200000 -1.251663 0.994390
 241.400000 -1.503032 0.845537
 241.600000 -1.407187 1.047641
 241.800000 -1.340716 1.182913
 242.000000 -1.341755 1.054696
 242.200000 -1.435552 0.898781
 242.400000 -1.249407 1.046814
 242.600000 -1.373329 1.107149
 242.800000 -1.631190 0.939022
 243.000000 -1.227311 0.912286
 243.200000 -1.308909 0.853922
 243.400000 -1.425784 1.369939
 243.600000 -1.384433 1.058540
 243.800000 -1.522485 0.888922
 244.000000 -1.329771 0.689753
 244.200000 -1.234586 1.064517
 244.400000 -1.293115 1.119537
 244.600000 -1.159919 0.829280
 244.800000 -1.532312 0.798961
 245.000000 -1.411314 1.065492
 245.200000 -1.240136 1.101797
 245.400000 -1.148093 0.849036
 245.600000 -1.589612 0.860788
 245.800000 -1.367993 0.966716
 246.000000 -1.299385 1.150411
 246.200000 -1.525141 1.061079
 246.400000 -1.488178 0.787526
 246.600000 -1.245618 0.898818
 246.800000 -1.493730 1.403296
 247.000000 -1.532309 1.172907
 247.200000 -1.325903 0.855450
 247.400000 -1.701165 0.996992
 247.600000 -1.391863 1.172116
 247.800000 -1.443572 1.154857
 248.000000 -1.300691 0.784063
 248.200000 -1.396068 0.929011
 248.400000 -1.100725 1.238066
 248.600000 -1.656064 0.948849
 248.800000 -1.386813 0.687938
 249.000000 -1.262150 1.032888
 249.200000 -1.514390 1.447281
 249.400000 -1.379007 1.297298
 249.600000 -1.225578 0.787482
 249.800000 -1.400371 0.493360
 250.000000 -1.373185 1.172852
 250.200000 -1.443013 1.422460
 250.400000 -1.593077 1.118005
 250.600000 -1.640262 0.840375
 250.800000 -1.140573 0.995779
 251.000000 -1.412288 1.513068
 251.200000 -1.238493 1.681180
 251.400000 -1.621634 0.921078
 251.600000 -1.370505 0.150027
 251.800000 -1.239154 0.346815
 252.000000 -1.388418 1.634184
 252.200000 -1.209796 2.448959
 252.400000 -2.223021 2.573183
 252.600000 -2.738069 2.929186
 252.800000 -2.450725 2.764351
 253.000000 -2.634827 2.346640
 253.200000 -2.223349 2.818631
 253.400000 -2.729409 2.772981
 253.600000 -2.321371 2.733001
 253.800000 -1.981392 2.571972
 254.000000 -2.374603 2.540129
 254.200000 -2.765819 3.094769
 254.400000 -2.379998 2.868258
 254.600000 -2.419054 2.535189
 254.800000 -2.297138 2.658950
 255.000000 -2.674941 2.991200
 255.200000 -2.388335 2.678540
 255.400000 -1.176251 2.587767
 255.600000 -1.452925 2.040069
 255.800000 -1.541077 1.240889
 256.000000 -1.517773 0.650446
 256.200000 -1.430833 0.932149
 256.400000 -1.230153 1.411209
 256.600000 -1.703675 1.546221
 256.800000 -1.236482 0.874851
 257.000000 -1.439731 0.881666
 257.200000 -1.353938 1.318621
 257.400000 -1.269877 1.521557
 257.600000 -1.447390 1.106186
 257.800000 -1.198836 0.570079
 258.000000 -1.414659 0.871110
 258.200000 -1.224860 1.321976
 258.400000 -1.271112 1.371195
 258.600000 -1.406816 0.598526
 258.800000 -1.413725 0.703418
 259.000000 -1.225959 1.322427
 259.200000 -1.077673 1.612054
 259.400000 -1.122132 1.341822
 259.600000 -1.468930 0.874918
 259.800000 -1.434505 0.832068
 260.000000 -1.340001 1.243652
 260.200000 -1.473863 1.228360
 260.400000 -1.241516 0.928617
 260.600000 -1.482996 0.887641
 260.800000 -1.534812 1.269184
 261.000000 -1.298385 1.146565
 261.200000 -1.448488 0.891586
 261.400000 -1.223395 0.897458
 261.600000 -1.469441 1.267759
 261.800000 -1.449304 1.108246
 262.000000 -1.484583 0.999831
 262.200000 -1.288761 0.942532
 262.400000 -1.547623 1.214666
 262.600000 -1.331843 0.977010
 262.800000 -1.399212 0.977337
 263.000000 -1.465047 1.043198
 263.200000 -1.452015 1.217755
 263.400000 -1.359262 0.841166
 263.600000 -1.292921 0.703064
 263.800000 -1.608175 1.035060
 264.000000 -1.246824 1.453926
 264.200000 -1.426254 0.985233
 264.400000 -1.331969 0.665204
 264.600000 -1.412579 1.002461
 264.800000 -1.288151 1.357552
 265.000000 -1.426619 1.050446
 265.200000 -1.454861 0.661634
 265.400000 -1.319969 1.045598
 265.600000 -1.229933 1.411159
 265.800000 -1.492753 0.987566
 266.000000 -1.320561 0.670493
 266.200000 -1.455311 1.073812
 266.400000 -1.146937 1.279910
 266.600000 -1.544530 0.998625
 266.800000 -1.471796 0.891115
 267.000000 -1.556422 1.189438
 267.200000 -1.162731 1.181947
 267.400000 -1.360938 1.123327
 267.600000 -1.430923 0.923563
 267.800000 -1.468195 0.981495
 268.000000 -1.434305 1.184287
 268.200000 -1.262809 1.214114
 268.400000 -1.631823 0.986593
 268.600000 -1.382271 0.867491
 268.800000 -1.377706 0.823713
 269.000000 -1.401436 1.342435
 269.200000 -1.591946 0.934154
 269.400000 -1.231313 0.699010
 269.600000 -1.471964 1.131769
 269.800000 -1.515304 1.446536
 270.000000 -1.493447 1.415506
 270.200000 -1.279052 0.713716
 270.400000 -1.544697 0.771659
 270.600000 -1.410778 1.078076
 270.800000 -1.221748 1.320610
 271.000000 -1.470161 0.990139
 271.200000 -1.250100 0.443565
 271.400000 -1.382028 0.707429
 271.600000 -1.351773 1.135560
 271.800000 -1.298083 1.490799
 272.000000 -1.485569 1.016654
 272.200000 -1.568796 0.741630
 272.400000 -1.259971 0.942983
 272.600000 -1.264251 1.299219
 272.800000 -1.343810 1.213821
 273.000000 -1.429382 0.862329
 273.200000 -1.293900 0.416602
 273.400000 -1.628087 0.839937
 273.600000 -1.057697 1.260933
 273.800000 -1.689510 1.278217
 274.000000 -1.288094 0.928183
 274.200000 -1.518104 0.785867
 274.400000 -1.628714 0.922368
 274.600000 -1.442080 1.326316
 274.800000 -1.282545 1.095078
 275.000000 -1.653967 0.691319
 275.200000 -1.174987 0.825351
 275.400000 -1.628782 1.563403
 275.600000 -1.387097 1.572268
 275.800000 -1.403406 1.036391
 276.000000 -1.422857 0.732712
 276.200000 -1.147997 1.171768
 276.400000 -1.352151 1.268787
 276.600000 -1.422191 0.977165
 276.800000 -1.548183 0.976897
 277.000000 -1.222834 1.103758
 277.200000 -1.500879 1.079955
 277.400000 -1.212709 0.725585
 277.600000 -1.696993 1.035524
 277.800000 -1.372926 1.294179
 278.000000 -1.524378 1.239927
 278.200000 -1.583656 0.887410
 278.400000 -1.477982 1.067563
 278.600000 -1.340022 1.187729
 278.800000 -1.515420 1.232697
 279.000000 -1.505522 0.866786
 279.200000 -1.275529 0.693628
 279.400000 -1.505770 1.447664
 279.600000 -1.590518 1.832239
 279.800000 -2.067900 2.042396
 280.000000 -2.317222 2.790486
 280.200000 -2.864830 3.076890
 280.400000 -2.486988 2.440938
 280.600000 -2.154553 2.367851
 280.800000 -2.370566 2.756267
 281.000000 -2.800822 3.071001
 281.200000 -2.353006 2.549184
 281.400000 -1.947930 2.391808
 281.600000 -2.492351 2.713367
 281.800000 -2.524143 3.073632
 282.000000 -2.534806 2.648414
 282.200000 -2.011497 2.449055
 282.400000 -2.240087 2.483864
 282.600000 -2.746869 2.835886
 282.800000 -2.281382 3.091112
 283.000000 -2.514631 2.386388
 283.200000 -2.388323 2.662059
 283.400000 -2.848586 2.968324
 283.600000 -2.459630 2.915248
 283.800000 -2.403718 2.426309
 284.000000 -2.426615 2.708505
 284.200000 -2.463600 3.114749
 284.400000 -2.590559 2.520276
 284.600000 -1.912821 2.541950
 284.800000 -1.789203 2.483286
 285.000000 -2.164171 2.511462
 285.200000 -2.653687 2.818035
 285.400000 -2.608431 3.006592
 285.600000 -2.457398 2.472979
 285.800000 -2.313671 2.573600
 286.000000 -2.531927 2.792194
 286.200000 -2.644649 2.765969
 286.400000 -1.977364 2.724524
 286.600000 -2.187301 2.249577
 286.800000 -2.419846 2.776884
 287.000000 -2.716008 3.067987
 287.200000 -2.334698 2.473853
 287.400000 -2.364168 2.318370
 287.600000 -2.639096 2.816975
 287.800000 -2.923162 2.971015
 288.000000 -2.515873 2.519468
 288.200000 -2.101782 2.545238
 288.400000 -2.793689 2.652585
 288.600000 -2.501353 2.963446
 288.800000 -2.596847 2.574048
 289.000000 -2.442749 2.529377
 289.200000 -2.469402 2.920655
 289.400000 -2.643161 2.646371
 289.600000 -2.199276 2.808097
 289.800000 -2.013838 2.369558
 290.000000 -2.658266 2.704326
 290.200000 -2.663031 3.021303
 290.400000 -2.437028 2.774820
 290.600000 -2.614718 2.323096
 290.800000 -2.575620 2.862604
 291.000000 -2.799538 2.878293
 291.200000 -2.293866 2.649424
 291.400000 -2.057110 2.576086
 291.600000 -2.678505 2.546344
 291.800000 -2.249645 3.118080
 292.000000 -2.571310 2.421695
 292.200000 -2.190581 2.476189
 292.400000 -1.662328 2.879410
 292.600000 -1.551994 2.366902
 292.800000 -1.493589 1.362876
 293.000000 -1.477193 0.570053
 293.200000 -1.253206 0.465985
 293.400000 -1.667790 0.868084
 293.600000 -1.315351 1.476477
 293.800000 -1.720500 1.825774
 294.000000 -1.552250 1.914069
 294.200000 -1.453072 1.727455
 294.400000 -1.613576 1.190929
 294.600000 -1.526498 0.418162
 294.800000 -1.316080 0.401797
 295.000000 -1.147179 1.073984
 295.200000 -1.295808 1.551290
 295.400000 -1.263431 0.932148
 295.600000 -1.256349 0.485275
 295.800000 -1.452799 0.774626
 296.000000 -1.181164 1.249106
 296.200000 -1.348267 1.142943
 296.400000 -1.395865 0.844561
 296.600000 -1.401764 0.701487
 296.800000 -1.452517 1.282441
 297.000000 -1.550545 1.103714
 297.200000 -1.338043 1.032065
 297.400000 -1.579161 0.929006
 297.600000 -1.369480 0.988698
 297.800000 -1.449535 1.057455
 298.000000 -1.415574 0.933256
 298.200000 -1.343847 0.854919
 298.400000 -1.350866 1.234983
 298.600000 -1.455626 1.082814
 298.800000 -1.388849 0.791299
 299.000000 -1.319922 0.851508
 299.200000 -1.212395 1.189295
 299.400000 -1.337714 1.223992
 299.600000 -1.337677 0.771715
 299.800000 -1.669273 0.899973
 300.000000 -1.106025 1.121885
 300.200000 -1.641635 1.477914
 300.400000 -1.058202 0.824268
 300.600000 -2.180938 0.894711
 300.800000 -2.396645 0.769537
 301.000000 -1.644069 0.695367
 301.200000 -1.665786 1.045269
 301.400000 -1.312764 1.259272
 301.600000 -1.361343 1.067780
 301.800000 -1.905088 0.989190
 302.000000 -2.519296 1.033656
 302.200000 -1.899121 0.912127
 302.400000 -1.450623 0.907340
 302.600000 -1.365663 1.287504
 302.800000 -1.498927 1.146181
 303.000000 -1.593135 0.977290
 303.200000 -1.537879 0.823316
 303.400000 -1.570002 1.202988
 303.600000 -1.243042 1.201519
 303.800000 -1.125534 1.014279
 304.000000 -1.430629 0.780297
 304.200000 -1.444025 1.207633
 304.400000 -1.687823 1.410168
 304.600000 -1.188110 1.078002
 304.800000 -1.661745 0.777216
 305.000000 -1.300777 0.777026
 305.200000 -1.564560 1.239450
 305.400000 -1.402318 1.470169
 305.600000 -1.478066 0.992314
 305.800000 -1.456279 0.550343
 306.000000 -1.349531 0.680766
 306.200000 -1.301601 1.416215
 306.400000 -1.387979 1.638764
 306.600000 -1.678228 1.570274
 306.800000 -1.188417 1.427734
 307.000000 -1.755347 0.837651
 307.200000 -1.374519 0.367636
 307.400000 -1.281914 0.900593
 307.600000 -1.508672 1.449167
 307.800000 -0.873565 1.537128
 308.000000 -1.604928 1.512335
 308.200000 -1.383065 0.880084
 308.400000 -1.817587 0.782479
 308.600000 -1.309324 0.773957
 308.800000 -1.712611 1.293093
 309.000000 -1.168935 1.535571
 309.200000 -1.357019 1.046403
 309.400000 -1.525263 0.721604
 309.600000 -1.216611 1.251723
 309.800000 -1.584801 1.525247
 310.000000 -1.021236 1.469850
 310.200000 -1.759538 1.022546
 310.400000 -1.173618 0.152661
 310.600000 -1.592776 -0.037657
 310.800000 -2.012298 0.387918
 311.000000 -1.236247 1.163395
 311.200000 -1.545429 1.825145
 311.400000 -1.189541 2.140242
 311.600000 -1.547812 2.127117
 311.800000 -1.672650 2.513003
 312.000000 -1.778226 2.626263
 312.200000 -2.611481 2.461168
 312.400000 -2.339411 2.980691
 312.600000 -2.660884 3.003569
 312.800000 -2.239384 2.453714
 313.000000 -1.952533 2.516107
 313.200000 -1.740537 2.624624
 313.400000 -1.941312 2.392431
 313.600000 -2.634379 2.635275
 313.800000 -2.524931 -3.123323
 314.000000 -2.615989 2.638873
 314.200000 -2.190315 2.299711
 314.400000 -2.056847 2.876837
 314.600000 -2.851126 2.725031
 314.800000 -2.377417 2.949320
 315.000000 -2.570275 2.547109
 315.200000 -2.535039 2.475230
 315.400000 -2.464966 3.136228
 315.600000 -2.647237 2.586393
 315.800000 -1.926841 2.566760
 316.000000 -2.180732 2.402863
 316.200000 -2.638788 2.613782
 316.400000 -2.257792 3.002670
 316.600000 -2.503540 2.290700
 316.800000 -2.379015 2.499129
 317.000000 -2.561176 2.949325
 317.200000 -2.715575 2.733849
 317.400000 -2.034012 2.507034
 317.600000 -1.007936 2.457242
 317.800000 -1.769248 2.198914
 318.000000 -2.072076 1.854420
 318.200000 -2.152597 2.669792
 318.400000 -2.723955 3.093077
 318.600000 -2.525006 2.683641
 318.800000 -2.081231 2.300500
 319.000000 -1.447449 2.476477
 319.200000 -1.279195 2.367272
 319.400000 -1.479932 2.295050
 319.600000 -2.030393 2.169781
 319.800000 -2.232881 2.743909
 320.000000 -2.678409 2.964838
 320.200000 -2.263039 2.684876
 320.400000 -2.412236 2.282745
 320.600000 -2.426004 2.851667
 320.800000 -2.838667 3.000381
 321.000000 -2.410566 2.550259
 321.200000 -1.396714 2.194524
 321.400000 -1.092835 1.824458
 321.600000 -1.945125 0.878417
 321.800000 -1.062493 0.254861
 322.000000 -1.515461 0.862693
 322.200000 -1.090309 1.524103
 322.400000 -1.515067 1.343671
 322.600000 -1.273954 0.733284
 322.800000 -1.214927 0.619794
 323.000000 -1.638136 1.112104
 323.200000 -1.175216 1.308446
 323.400000 -1.822537 1.390005
 323.600000 -1.098687 1.111275
 323.800000 -1.626334 0.963037
 324.000000 -1.705927 1.090855
 324.200000 -1.413618 1.213509
 324.400000 -1.469728 1.240178
 324.600000 -1.720086 1.072691
 324.800000 -1.912253 0.814624
 325.000000 -1.275082 0.787040
 325.200000 -1.433591 1.140393
 325.400000 -1.605844 1.325071
 325.600000 -1.166532 1.015026
 325.800000 -1.493442 0.813144
 326.000000 -1.642776 1.106526
 326.200000 -1.319953 1.145900
 326.400000 -1.473255 1.303464
 326.600000 -1.432561 1.112589
 326.800000 -1.356726 0.982566
 327.000000 -1.232186 1.033198
 327.200000 -1.439837 1.150612
 327.400000 -1.465948 1.079840
 327.600000 -1.389942 0.948880
 327.800000 -1.456178 0.901147
 328.000000 -1.462057 1.022514
 328.200000 -1.237296 1.081539
 328.400000 -1.477523 1.095724
 328.600000 -1.218761 0.863285
 328.800000 -1.553530 0.942613
 329.000000 -1.214052 1.161691
 329.200000 -1.455110 1.223815
 329.400000 -1.445212 0.926439
 329.600000 -1.553765 0.860793
 329.800000 -1.265568 1.040661
 330.000000 -1.518041 1.136638
 330.200000 -1.468332 1.121235
 330.400000 -1.457341 0.880596
 330.600000 -1.253282 0.902616
 330.800000 -1.493049 1.099572
 331.000000 -1.515468 1.265374
 331.200000 -1.328118 0.940666
 331.400000 -1.583636 1.179925
 331.600000 -1.680949 1.182146
 331.800000 -1.366528 1.238043
 332.000000 -1.614167 1.027239
 332.200000 -1.508992 0.861108
 332.400000 -1.287194 1.065507
 332.600000 -1.415621 1.025491
 332.800000 -1.475159 1.051178
 333.000000 -1.310481 1.138522
 333.200000 -1.439847 1.015349
 333.400000 -1.232938 0.978824
 333.600000 -1.417340 1.124778
 333.800000 -1.625295 1.126379
 334.000000 -1.411475 1.217692
 334.200000 -1.413930 1.094603
 334.400000 -1.498228 1.209509
 334.600000 -1.492933 1.287243
 334.800000 -1.381975 1.042647
 335.000000 -1.217040 0.817534
 335.200000 -1.902346 1.151833
 335.400000 -1.178856 1.143218
 335.600000 -1.508653 0.977455
 335.800000 -1.706915 0.888430
 336.000000 -1.327952 1.024768
 336.200000 -1.667934 1.146542
 336.400000 -1.507800 1.142958
 336.600000 -1.300796 0.937021
 336.800000 -1.426274 1.005978
 337.000000 -1.569750 1.208574
 337.200000 -1.415762 0.895462
 337.400000 -1.037482 0.927200
 337.600000 -1.556363 1.265855
 337.800000 -1.611350 1.131240
 338.000000 -1.684406 1.106684
 338.200000 -1.644801 1.148983
 338.400000 -1.607386 1.338863
 338.600000 -1.625105 1.099976
 338.800000 -0.962483 0.645345
 339.000000 -1.507910 0.998990
 339.200000 -1.249643 1.336774
 339.400000 -1.782345 1.336566
 339.600000 -1.235367 1.097947
 339.800000 -1.293053 1.015308
 340.000000 -2.136055 1.253965
 340.200000 -2.275832 1.255913
 340.400000 -1.484304 1.877452
 340.600000 -0.918926 2.135193
 340.800000 -2.060856 2.310021
 341.000000 -2.753348 3.004314
 341.200000 -2.435563 3.083259
 341.400000 -2.534999 2.290545
 341.600000 -1.994519 2.807309
 341.800000 -2.300154 2.783813
 342.000000 -2.692046 2.494985
 342.200000 -2.021727 2.870406
 342.400000 -2.313912 2.251447
 342.600000 -2.522256 2.410708
 342.800000 -2.424254 3.071167
 343.000000 -2.772416 2.747955
 343.200000 -2.187889 2.541654
 343.400000 -1.513718 2.603317
 343.600000 -1.543836 2.179540
 343.800000 -1.416306 1.470396
 344.000000 -1.461628 0.320844
 344.200000 -1.158371 0.027339
 344.400000 -1.438179 0.888389
 344.600000 -1.326575 1.803846
 344.800000 -1.278417 1.951184
 345.000000 -1.605153 2.161261
 345.200000 -1.840942 2.337195
 345.400000 -2.082817 2.915072
 345.600000 -2.868699 2.885068
 345.800000 -2.132577 2.812169
 346.000000 -1.911700 2.194915
 346.200000 -2.118433 1.990910
 346.400000 -2.236803 2.873209
 346.600000 -2.794893 -3.002673
 346.800000 -2.403202 2.541862
 347.000000 -1.984253 2.207035
 347.200000 -1.228586 2.562157
 347.400000 -1.673484 2.068523
 347.600000 -2.011486 2.122814
 347.800000 -2.241809 2.631217
 348.000000 -2.806461 3.041182
 348.200000 -2.601600 2.645912
 348.400000 -1.876976 2.553932
 348.600000 -1.681479 2.084633
 348.800000 -1.260192 2.174258
 349.000000 -1.531534 1.979460
 349.200000 -1.589101 2.127609
 349.400000 -1.508514 2.265517
 349.600000 -1.344284 2.632649
 349.800000 -1.807818 2.478095
 350.000000 -2.372920 2.484299
 350.200000 -2.771308 2.951965
 350.400000 -2.320707 2.976388
 350.600000 -2.573465 2.155855
 350.800000 -1.684184 2.778721
 351.000000 -1.513919 2.688627
 351.200000 -1.517363 1.827541
 351.400000 -1.303078 0.740653
 351.600000 -1.284470 0.467640
 351.800000 -1.431918 1.308854
 352.000000 -1.350960 1.550887
 352.200000 -1.613235 1.160703
 352.400000 -1.396644 0.661676
 352.600000 -1.299563 1.037359
 352.800000 -2.079132 1.629259
 353.000000 -2.280936 2.977660
 353.200000 -2.987461 -2.967660
 353.400000 -2.117391 2.304150
 353.600000 -1.116866 1.639241
 353.800000 -1.677971 1.002016
 354.000000 -1.228839 -0.067316
 354.200000 -1.359643 0.008070
 354.400000 -1.469493 1.206993
 354.600000 -1.494404 1.947907
 354.800000 -1.765939 2.467110
 355.000000 -2.882322 2.838583
 355.200000 -2.378716 3.116260
 355.400000 -2.520954 2.425337
 355.600000 -2.264484 2.563535
 355.800000 -2.275462 2.798537
 356.000000 -2.798858 2.641150
 356.200000 -1.960353 2.751951
 356.400000 -1.785145 2.514383
 356.600000 -1.915152 2.175893
 356.800000 -1.936754 2.414681
 357.000000 -2.460035 2.701438
 357.200000 -2.863146 2.861751
 357.400000 -1.780192 2.667250
 357.600000 -1.363641 1.976362
 357.800000 -1.201768 0.943644
 358.000000 -1.297081 0.146586
 358.200000 -1.310812 0.218654
 358.400000 -1.544229 1.256393
 358.600000 -1.208888 2.136746
 358.800000 -1.536680 2.782423
 359.000000 -2.816591 2.785638
 359.200000 -2.250998 3.028255
 359.400000 -2.245170 2.442251
 359.600000 -2.491851 2.300953
 359.800000 -2.493338 -3.130318
 360.000000 -2.769374 2.898663
 360.200000 -2.166183 2.539401
 360.400000 -1.561384 2.433005
 360.600000 -1.245590 2.241169
 360.800000 -1.362456 1.991041
 361.000000 -1.348755 1.321166
 361.200000 -1.435402 0.588224
 361.400000 -1.367721 0.821089
 361.600000 -1.200821 1.426742
 361.800000 -1.617521 1.373755
 362.000000 -1.365314 0.924838
 362.200000 -1.331542 0.765079
 362.400000 -1.783702 1.168848
 362.600000 -1.290362 1.189907
 362.800000 -1.592969 1.063501
 363.000000 -1.547507 1.072030
 363.200000 -1.703865 1.192149
 363.400000 -1.245382 1.255550
 363.600000 -1.561865 1.210443
 363.800000 -1.551668 0.932633
 364.000000 -1.353592 0.885016
 364.200000 -1.268229 1.334987
 364.400000 -1.785963 1.427210
 364.600000 -1.178795 0.908768
 364.800000 -1.348011 0.762671
 365.000000 -1.461472 1.105737
 365.200000 -1.328224 1.130616
 365.400000 -1.459114 1.061899
 365.600000 -1.424602 0.933215
 365.800000 -1.513310 1.027995
 366.000000 -1.370720 1.314080
 366.200000 -1.534562 1.362326
 366.400000 -1.376471 1.134898
 366.600000 -1.453759 0.783073
 366.800000 -1.507360 0.882838
 367.000000 -1.322034 1.286005
 367.200000 -1.254679 1.112120
 367.400000 -1.428264 0.949479
 367.600000 -1.480917 0.934506
 367.800000 -1.242522 0.692284
 368.000000 -1.471487 0.900363
 368.200000 -1.269430 1.112280
 368.400000 -1.268664 0.861895
 368.600000 -1.452928 0.849041
 368.800000 -1.307011 0.945788
 369.000000 -1.387431 0.962024
 369.200000 -1.411089 0.980688
 369.400000 -1.315740 0.818213
 369.600000 -1.126050 0.876731
 369.800000 -1.803248 1.037224
 370.000000 -1.365002 1.171989
 370.200000 -1.905694 1.404280
 370.400000 -1.522243 2.025876
 370.600000 -1.093552 2.356322
 370.800000 -1.842480 2.568097
 371.000000 -2.977777 2.696446
 371.200000 -2.380371 3.088003
 371.400000 -2.525926 2.316428
 371.600000 -2.486199 2.096502
 371.800000 -1.892286 3.073248
 372.000000 -2.369518 2.515801
 372.200000 -2.567699 2.406625
 372.400000 -2.385564 2.947962
 372.600000 -2.782257 2.659358
 372.800000 -2.160306 2.701666
 373.000000 -1.724526 2.585693
 373.200000 -1.702435 2.162678
 373.400000 -1.195877 1.816839
 373.600000 -1.452349 1.135606
 373.800000 -1.185508 0.390413
 374.000000 -1.414051 0.936803
 374.200000 -1.382076 1.751775
 374.400000 -1.351399 1.902958
 374.600000 -1.339553 2.144078
 374.800000 -1.312734 2.356868
 375.000000 -1.392337 2.503506
 375.200000 -1.808347 2.255356
 375.400000 -2.185860 2.578653
 375.600000 -2.761478 2.883118
 375.800000 -2.533112 2.938380
 376.000000 -2.447411 2.451965
 376.200000 -2.103989 2.437778
 376.400000 -2.296880 2.952651
 376.600000 -2.687227 2.818611
 376.800000 -1.827690 2.569263
 377.000000 -1.793210 2.137388
 377.200000 -1.623615 2.326549
 377.400000 -1.769829 2.529779
 377.600000 -2.116681 2.614521
 377.800000 -2.790600 2.524309
 378.000000 -2.288826 3.070946
 378.200000 -2.601177 2.535096
 378.400000 -2.381295 2.439739
 378.600000 -2.153857 3.058735
 378.800000 -2.757533 2.536626
 379.000000 -1.763940 2.827963
 379.200000 -1.877725 2.381121
 379.400000 -2.139692 2.232311
 379.600000 -2.477642 2.534340
 379.800000 -3.013579 2.946339
 380.000000 -2.323252 2.820455
 380.200000 -2.510517 2.269956
 380.400000 -2.569318 2.716451
 380.600000 -2.798590 3.076309
 380.800000 -2.548952 2.502231
 381.000000 -1.863212 2.456786
 381.200000 -1.884351 2.436835
 381.400000 -2.559422 2.664858
 381.600000 -2.616114 3.016099
 381.800000 -2.402501 2.573338
 382.000000 -2.406773 2.438919
 382.200000 -2.624309 3.033535
 382.400000 -2.774661 2.585373
 382.600000 -2.304940 2.723849
 382.800000 -2.397730 2.492094
 383.000000 -2.706352 2.807313
 383.200000 -2.779259 2.732550
 383.400000 -2.389120 2.574946
 383.600000 -2.455611 2.709226
 383.800000 -2.695344 2.779754
 384.000000 -2.388938 2.855266
 384.200000 -2.272913 2.348564
 384.400000 -2.627911 2.660771
 384.600000 -2.546017 3.024459
 384.800000 -2.786330 2.418060
 385.000000 -2.031336 2.580047
 385.200000 -2.443278 2.708777
 385.400000 -2.960311 2.889226
 385.600000 -2.599195 2.714187
 385.800000 -2.941012 2.371242
 386.000000 -2.283932 2.725821
 386.200000 -2.689951 2.786020
 386.400000 -2.362994 2.733662
 386.600000 -2.162815 2.572659
 386.800000 -2.592451 2.586254
 387.000000 -2.443935 3.109946
 387.200000 -2.476919 2.506837
 387.400000 -2.369436 2.499031
 387.600000 -2.406639 2.886201
 387.800000 -2.968730 2.755289
 388.000000 -2.126362 2.571659
 388.200000 -2.474052 2.288070
 388.400000 -2.603624 2.763481
 388.600000 -2.666366 3.112746
 388.800000 -2.727691 2.439186
 389.000000 -1.367484 2.739325
 389.200000 -1.348933 1.979501
 389.400000 -1.774508 1.492418
 389.600000 -1.300028 0.921047
 389.800000 -1.276042 0.689374
 390.000000 -1.633308 1.186730
 390.200000 -1.366400 1.533440
 390.400000 -1.777056 1.798050
 390.600000 -1.299923 2.103167
 390.800000 -1.493050 1.830846
 391.000000 -1.799241 1.021121
 391.200000 -1.279216 0.661051
 391.400000 -1.475217 0.805109
 391.600000 -1.433365 1.407535
 391.800000 -1.315597 1.210218
 392.000000 -1.353628 0.779390
 392.200000 -1.453612 0.747599
 392.400000 -1.354815 1.267114
 392.600000 -1.552284 1.352872
 392.800000 -1.326020 1.034544
 393.000000 -1.480671 0.766292
 393.200000 -1.280456 0.926415
 393.400000 -1.495474 1.264497
 393.600000 -1.282515 1.196580
 393.800000 -1.061188 0.813495
 394.000000 -1.536010 0.981781
 394.200000 -1.401548 1.177488
 394.400000 -1.284767 1.222746
 394.600000 -1.530216 0.885868
 394.800000 -1.859605 0.958891
 395.000000 -1.165582 1.179456
 395.200000 -1.297044 1.090696
 395.400000 -1.308051 0.858394
 395.600000 -1.433090 1.011008
 395.800000 -1.353060 1.104102
 396.000000 -1.498754 1.150569
 396.200000 -1.285831 0.920583
 396.400000 -1.232766 0.928470
 396.600000 -1.609399 1.387548
 396.800000 -1.228001 1.118433
 397.000000 -1.289426 1.023152
 397.200000 -1.433069 0.916623
 397.400000 -1.430254 1.137947
 397.600000 -1.254932 0.862141
 397.800000 -1.686468 1.106610
 398.000000 -1.171672 1.047055
 398.200000 -1.271510 1.166303
 398.400000 -1.491611 0.810663
 398.600000 -1.437152 0.731188
 398.800000 -1.335154 0.932656
 399.000000 -1.261484 1.159898
 399.200000 -1.241328 1.097889
 399.400000 -1.446563 0.850924
 399.600000 -1.470815 0.891163
 399.800000 -1.391006 1.166001
 400.000000 -1.524364 1.400286
