#! FIELDS phi ffphi dffphi_phi
#! SET normalisation  1.000000
#! SET min_phi -pi
#! SET max_phi pi
#! SET nbins_phi  600
#! SET periodic_phi true
 -3.141593 19.688273 -133.734889
 -3.131121 18.315598 -124.623152
 -3.120649 17.036725 -115.835867
 -3.110177 15.866203 -106.905040
 -3.099705 14.793282 -98.040586
 -3.089233 13.800340 -89.804170
 -3.078761 12.901185 -81.627423
 -3.068289 12.083404 -73.897812
 -3.057817 11.346501 -66.512218
 -3.047345 10.681314 -59.752147
 -3.036873 10.088067 -53.404935
 -3.026401 9.557477 -47.707330
 -3.015929 9.084041 -42.663212
 -3.005457 8.659976 -38.350662
 -2.994985 8.275979 -34.884862
 -2.984513 7.923538 -32.275694
 -2.974041 7.594226 -30.476955
 -2.963569 7.279942 -29.396929
 -2.953097 6.973921 -28.878306
 -2.942625 6.672126 -28.671054
 -2.932153 6.371943 -28.571507
 -2.921681 6.072480 -28.434493
 -2.911209 5.775304 -28.124789
 -2.900737 5.483232 -27.555545
 -2.890265 5.198411 -26.754932
 -2.879793 4.922235 -25.810340
 -2.869321 4.656986 -24.721665
 -2.858849 4.403836 -23.519290
 -2.848377 4.163934 -22.203294
 -2.837905 3.938352 -20.769902
 -2.827433 3.728784 -19.200010
 -2.816961 3.536106 -17.506734
 -2.806489 3.361608 -15.753914
 -2.796017 3.205423 -14.022757
 -2.785545 3.066780 -12.424866
 -2.775074 2.943729 -11.071763
 -2.764602 2.833321 -10.044540
 -2.754130 2.731707 -9.395762
 -2.743658 2.635151 -9.080241
 -2.733186 2.540461 -9.012522
 -2.722714 2.445664 -9.080742
 -2.712242 2.349848 -9.141142
 -2.701770 2.254175 -9.069998
 -2.691298 2.160359 -8.777480
 -2.680826 2.071031 -8.252234
 -2.670354 1.988410 -7.474809
 -2.659882 1.914891 -6.511129
 -2.649410 1.852233 -5.420304
 -2.638938 1.801178 -4.297030
 -2.628466 1.761837 -3.245637
 -2.617994 1.732740 -2.379727
 -2.607522 1.711200 -1.814605
 -2.597050 1.693673 -1.624545
 -2.586578 1.676066 -1.821867
 -2.576106 1.654445 -2.339262
 -2.565634 1.626295 -3.036194
 -2.555162 1.590944 -3.714315
 -2.544690 1.549533 -4.173813
 -2.534218 1.505083 -4.243097
 -2.523746 1.462251 -3.874064
 -2.513274 1.425600 -3.122115
 -2.502802 1.398390 -2.066565
 -2.492330 1.383155 -0.858751
 -2.481858 1.380608 0.329886
 -2.471386 1.389806 1.346851
 -2.460914 1.408308 2.112156
 -2.450442 1.433497 2.597222
 -2.439970 1.462456 2.845639
 -2.429498 1.493163 2.948805
 -2.419026 1.524794 3.050356
 -2.408554 1.557982 3.263807
 -2.398082 1.594316 3.675022
 -2.387610 1.636132 4.298155
 -2.377138 1.685443 5.118460
 -2.366666 1.743993 6.053049
 -2.356194 1.812721 7.008394
 -2.345723 1.891253 7.894497
 -2.335251 1.978501 8.653905
 -2.324779 2.072636 9.207769
 -2.314307 2.171229 9.494213
 -2.303835 2.271306 9.496930
 -2.293363 2.369993 9.210535
 -2.282891 2.464365 8.671825
 -2.272419 2.552084 7.941082
 -2.261947 2.631324 7.108833
 -2.251475 2.701429 6.262571
 -2.241003 2.763124 5.446227
 -2.230531 2.817030 4.778672
 -2.220059 2.864955 4.295284
 -2.209587 2.909039 4.009823
 -2.199115 2.951296 3.975265
 -2.188643 2.994415 4.208614
 -2.178171 3.041260 4.663315
 -2.167699 3.093801 5.316876
 -2.157227 3.153787 6.116701
 -2.146755 3.222658 6.943298
 -2.136283 3.300158 7.710514
 -2.125811 3.384783 8.338744
 -2.115339 3.474737 8.715488
 -2.104867 3.566760 8.750444
 -2.094395 3.657247 8.402631
 -2.083923 3.741852 7.701468
 -2.073451 3.817694 6.684165
 -2.062979 3.881632 5.407356
 -2.052507 3.931713 4.031541
 -2.042035 3.966879 2.584327
 -2.031563 3.986694 1.135041
 -2.021091 3.991364 -0.303880
 -2.010619 3.981045 -1.716075
 -2.000147 3.956199 -3.082975
 -1.989675 3.917702 -4.331086
 -1.979203 3.867549 -5.352444
 -1.968731 3.807880 -5.976509
 -1.958259 3.744009 -6.137784
 -1.947787 3.681235 -5.772019
 -1.937315 3.625451 -4.860957
 -1.926843 3.581681 -3.465667
 -1.916372 3.554257 -1.750323
 -1.905900 3.545409 0.073185
 -1.895428 3.555474 1.763360
 -1.884956 3.580815 3.045478
 -1.874484 3.616774 3.678636
 -1.864012 3.654673 3.463536
 -1.853540 3.685300 2.282801
 -1.843068 3.699231 0.200102
 -1.832596 3.687645 -2.565979
 -1.822124 3.644716 -5.613250
 -1.811652 3.569739 -8.572361
 -1.801180 3.466181 -11.100633
 -1.790708 3.339129 -13.007925
 -1.780236 3.195527 -14.279044
 -1.769764 3.041729 -14.991334
 -1.759292 2.883027 -15.255716
 -1.748820 2.722987 -15.223886
 -1.738348 2.564557 -14.975089
 -1.727876 2.409530 -14.577178
 -1.717404 2.259634 -14.054158
 -1.706932 2.115475 -13.432143
 -1.696460 1.977714 -12.813509
 -1.685988 1.846474 -12.188713
 -1.675516 1.721601 -11.647700
 -1.665044 1.601554 -11.241854
 -1.654572 1.485063 -10.985303
 -1.644100 1.370294 -10.902177
 -1.633628 1.255281 -11.004170
 -1.623156 1.138631 -11.250757
 -1.612684 1.018488 -11.634679
 -1.602212 0.894076 -12.105879
 -1.591740 0.764673 -12.595909
 -1.581268 0.630302 -13.043806
 -1.570796 0.491714 -13.367719
 -1.560324 0.350652 -13.506311
 -1.549852 0.209239 -13.415446
 -1.539380 0.070311 -13.058944
 -1.528908 -0.063497 -12.425498
 -1.518436 -0.189230 -11.550119
 -1.507964 -0.304644 -10.455945
 -1.497492 -0.407524 -9.182008
 -1.487021 -0.496498 -7.795158
 -1.476549 -0.570633 -6.343672
 -1.466077 -0.629547 -4.902440
 -1.455605 -0.673574 -3.523301
 -1.445133 -0.703663 -2.263675
 -1.434661 -0.721380 -1.158597
 -1.424189 -0.728462 -0.231981
 -1.413717 -0.726835 0.509672
 -1.403245 -0.718200 1.097315
 -1.392773 -0.704135 1.567749
 -1.382301 -0.685458 1.949176
 -1.371829 -0.663092 2.285327
 -1.361357 -0.637249 2.602040
 -1.350885 -0.608187 2.922981
 -1.340413 -0.575647 3.254564
 -1.329941 -0.539293 3.616836
 -1.319469 -0.498833 4.070421
 -1.308997 -0.453044 4.655185
 -1.298525 -0.400074 5.418052
 -1.288053 -0.337897 6.429595
 -1.277581 -0.263701 7.711479
 -1.267109 -0.174485 9.269405
 -1.256637 -0.067686 11.090232
 -1.246165 0.059295 13.087910
 -1.235693 0.207792 15.177831
 -1.225221 0.378046 17.247721
 -1.214749 0.569410 19.161156
 -1.204277 0.779512 20.804021
 -1.193805 1.005012 22.081213
 -1.183333 1.242019 22.917672
 -1.172861 1.485496 23.336888
 -1.162389 1.731279 23.382968
 -1.151917 1.975975 23.157908
 -1.141445 2.217738 22.782658
 -1.130973 2.455293 22.462231
 -1.120501 2.690733 22.276081
 -1.110029 2.925676 22.396737
 -1.099557 3.164057 22.864932
 -1.089085 3.409421 23.769665
 -1.078613 3.666316 25.075569
 -1.068142 3.939082 26.697557
 -1.057670 4.230236 28.576716
 -1.047198 4.542721 30.523435
 -1.036726 4.874711 32.519495
 -1.026254 5.226376 34.302098
 -1.015782 5.594509 35.703495
 -1.005310 5.975634 36.489923
 -0.994838 6.361322 36.670590
 -0.984366 6.745919 36.101990
 -0.973894 7.120306 34.884163
 -0.963422 7.478474 33.037614
 -0.952950 7.815020 30.676019
 -0.942478 8.125793 28.016337
 -0.932006 8.408159 25.425520
 -0.921534 8.664583 23.231134
 -0.911062 8.903508 21.635516
 -0.900590 9.130127 21.237367
 -0.890118 9.358937 22.137155
 -0.879646 9.605730 24.318027
 -0.869174 9.880982 27.978522
 -0.858702 10.201910 32.774070
 -0.848230 10.576875 38.746389
 -0.837758 11.020138 45.476084
 -0.827286 11.536948 52.962334
 -0.816814 12.133625 61.069372
 -0.806342 12.819362 69.491063
 -0.795870 13.600546 78.068327
 -0.785398 14.469563 87.157203
 -0.774926 15.435806 96.435591
 -0.764454 16.495894 106.042820
 -0.753982 17.657082 115.741907
 -0.743510 18.920265 125.520532
 -0.733038 20.350035 134.046137
 -0.722566 21.806935 144.202056
 -0.712094 23.370213 154.363007
 -0.701622 25.450254 162.033618
 -0.691150 28.019326 168.570939
 -0.680678 inf 0.000000
 -0.670206 inf 0.000000
 -0.659734 inf 0.000000
 -0.649262 inf 0.000000
 -0.638791 inf 0.000000
 -0.628319 inf 0.000000
 -0.617847 inf 0.000000
 -0.607375 inf 0.000000
 -0.596903 inf 0.000000
 -0.586431 inf 0.000000
 -0.575959 inf 0.000000
 -0.565487 inf 0.000000
 -0.555015 inf 0.000000
 -0.544543 inf 0.000000
 -0.534071 inf 0.000000
 -0.523599 inf 0.000000
 -0.513127 inf 0.000000
 -0.502655 inf 0.000000
 -0.492183 inf 0.000000
 -0.481711 inf 0.000000
 -0.471239 inf 0.000000
 -0.460767 inf 0.000000
 -0.450295 inf 0.000000
 -0.439823 inf 0.000000
 -0.429351 inf 0.000000
 -0.418879 inf 0.000000
 -0.408407 inf 0.000000
 -0.397935 inf 0.000000
 -0.387463 inf 0.000000
 -0.376991 inf 0.000000
 -0.366519 inf 0.000000
 -0.356047 inf 0.000000
 -0.345575 inf 0.000000
 -0.335103 inf 0.000000
 -0.324631 inf 0.000000
 -0.314159 inf 0.000000
 -0.303687 inf 0.000000
 -0.293215 inf 0.000000
 -0.282743 inf 0.000000
 -0.272271 inf 0.000000
 -0.261799 inf 0.000000
 -0.251327 inf 0.000000
 -0.240855 inf 0.000000
 -0.230383 inf 0.000000
 -0.219911 inf 0.000000
 -0.209440 inf 0.000000
 -0.198968 inf 0.000000
 -0.188496 inf 0.000000
 -0.178024 inf 0.000000
 -0.167552 inf 0.000000
 -0.157080 inf 0.000000
 -0.146608 inf 0.000000
 -0.136136 inf 0.000000
 -0.125664 inf 0.000000
 -0.115192 inf 0.000000
 -0.104720 inf 0.000000
 -0.094248 inf 0.000000
 -0.083776 inf 0.000000
 -0.073304 inf 0.000000
 -0.062832 inf 0.000000
 -0.052360 inf 0.000000
 -0.041888 inf 0.000000
 -0.031416 inf 0.000000
 -0.020944 inf 0.000000
 -0.010472 inf 0.000000
 -0.000000 inf 0.000000
 0.010472 inf 0.000000
 0.020944 inf 0.000000
 0.031416 inf 0.000000
 0.041888 inf 0.000000
 0.052360 inf 0.000000
 0.062832 inf 0.000000
 0.073304 inf 0.000000
 0.083776 inf 0.000000
 0.094248 inf 0.000000
 0.104720 inf 0.000000
 0.115192 inf 0.000000
 0.125664 inf 0.000000
 0.136136 inf 0.000000
 0.146608 inf 0.000000
 0.157080 inf 0.000000
 0.167552 inf 0.000000
 0.178024 inf 0.000000
 0.188496 inf 0.000000
 0.198968 inf 0.000000
 0.209440 inf 0.000000
 0.219911 inf 0.000000
 0.230383 inf 0.000000
 0.240855 inf 0.000000
 0.251327 inf 0.000000
 0.261799 inf 0.000000
 0.272271 inf 0.000000
 0.282743 inf 0.000000
 0.293215 inf 0.000000
 0.303687 inf 0.000000
 0.314159 inf 0.000000
 0.324631 inf 0.000000
 0.335103 inf 0.000000
 0.345575 inf 0.000000
 0.356047 inf 0.000000
 0.366519 inf 0.000000
 0.376991 inf 0.000000
 0.387463 inf 0.000000
 0.397935 inf 0.000000
 0.408407 inf 0.000000
 0.418879 inf 0.000000
 0.429351 inf 0.000000
 0.439823 inf 0.000000
 0.450295 inf 0.000000
 0.460767 inf 0.000000
 0.471239 inf 0.000000
 0.481711 inf 0.000000
 0.492183 inf 0.000000
 0.502655 inf 0.000000
 0.513127 inf 0.000000
 0.523599 inf 0.000000
 0.534071 inf 0.000000
 0.544543 inf 0.000000
 0.555015 inf 0.000000
 0.565487 inf 0.000000
 0.575959 inf 0.000000
 0.586431 inf 0.000000
 0.596903 inf 0.000000
 0.607375 inf 0.000000
 0.617847 inf 0.000000
 0.628319 inf 0.000000
 0.638791 inf 0.000000
 0.649262 inf 0.000000
 0.659734 inf 0.000000
 0.670206 inf 0.000000
 0.680678 inf 0.000000
 0.691150 inf 0.000000
 0.701622 inf 0.000000
 0.712094 inf 0.000000
 0.722566 inf 0.000000
 0.733038 inf 0.000000
 0.743510 inf 0.000000
 0.753982 inf 0.000000
 0.764454 inf 0.000000
 0.774926 inf 0.000000
 0.785398 inf 0.000000
 0.795870 inf 0.000000
 0.806342 inf 0.000000
 0.816814 inf 0.000000
 0.827286 inf 0.000000
 0.837758 inf 0.000000
 0.848230 inf 0.000000
 0.858702 inf 0.000000
 0.869174 inf 0.000000
 0.879646 inf 0.000000
 0.890118 inf 0.000000
 0.900590 inf 0.000000
 0.911062 inf 0.000000
 0.921534 inf 0.000000
 0.932006 inf 0.000000
 0.942478 inf 0.000000
 0.952950 inf 0.000000
 0.963422 inf 0.000000
 0.973894 inf 0.000000
 0.984366 inf 0.000000
 0.994838 inf 0.000000
 1.005310 inf 0.000000
 1.015782 inf 0.000000
 1.026254 inf 0.000000
 1.036726 inf 0.000000
 1.047198 inf 0.000000
 1.057670 inf 0.000000
 1.068142 inf 0.000000
 1.078613 inf 0.000000
 1.089085 inf 0.000000
 1.099557 inf 0.000000
 1.110029 inf 0.000000
 1.120501 inf 0.000000
 1.130973 inf 0.000000
 1.141445 inf 0.000000
 1.151917 inf 0.000000
 1.162389 inf 0.000000
 1.172861 inf 0.000000
 1.183333 inf 0.000000
 1.193805 inf 0.000000
 1.204277 inf 0.000000
 1.214749 inf 0.000000
 1.225221 inf 0.000000
 1.235693 inf 0.000000
 1.246165 inf 0.000000
 1.256637 inf 0.000000
 1.267109 inf 0.000000
 1.277581 inf 0.000000
 1.288053 inf 0.000000
 1.298525 inf 0.000000
 1.308997 inf 0.000000
 1.319469 inf 0.000000
 1.329941 inf 0.000000
 1.340413 inf 0.000000
 1.350885 inf 0.000000
 1.361357 inf 0.000000
 1.371829 inf 0.000000
 1.382301 inf 0.000000
 1.392773 inf 0.000000
 1.403245 inf 0.000000
 1.413717 inf 0.000000
 1.424189 inf 0.000000
 1.434661 inf 0.000000
 1.445133 inf 0.000000
 1.455605 inf 0.000000
 1.466077 inf 0.000000
 1.476549 inf 0.000000
 1.487021 inf 0.000000
 1.497492 inf 0.000000
 1.507964 inf 0.000000
 1.518436 inf 0.000000
 1.528908 inf 0.000000
 1.539380 inf 0.000000
 1.549852 inf 0.000000
 1.560324 inf 0.000000
 1.570796 inf 0.000000
 1.581268 inf 0.000000
 1.591740 inf 0.000000
 1.602212 inf 0.000000
 1.612684 inf 0.000000
 1.623156 inf 0.000000
 1.633628 inf 0.000000
 1.644100 inf 0.000000
 1.654572 inf 0.000000
 1.665044 inf 0.000000
 1.675516 inf 0.000000
 1.685988 inf 0.000000
 1.696460 inf 0.000000
 1.706932 inf 0.000000
 1.717404 inf 0.000000
 1.727876 inf 0.000000
 1.738348 inf 0.000000
 1.748820 inf 0.000000
 1.759292 inf 0.000000
 1.769764 inf 0.000000
 1.780236 inf 0.000000
 1.790708 inf 0.000000
 1.801180 inf 0.000000
 1.811652 inf 0.000000
 1.822124 inf 0.000000
 1.832596 inf 0.000000
 1.843068 inf 0.000000
 1.853540 inf 0.000000
 1.864012 inf 0.000000
 1.874484 inf 0.000000
 1.884956 inf 0.000000
 1.895428 inf 0.000000
 1.905900 inf 0.000000
 1.916372 inf 0.000000
 1.926843 inf 0.000000
 1.937315 inf 0.000000
 1.947787 inf 0.000000
 1.958259 inf 0.000000
 1.968731 inf 0.000000
 1.979203 inf 0.000000
 1.989675 inf 0.000000
 2.000147 inf 0.000000
 2.010619 inf 0.000000
 2.021091 inf 0.000000
 2.031563 inf 0.000000
 2.042035 inf 0.000000
 2.052507 inf 0.000000
 2.062979 inf 0.000000
 2.073451 inf 0.000000
 2.083923 inf 0.000000
 2.094395 inf 0.000000
 2.104867 inf 0.000000
 2.115339 inf 0.000000
 2.125811 inf 0.000000
 2.136283 inf 0.000000
 2.146755 inf 0.000000
 2.157227 inf 0.000000
 2.167699 inf 0.000000
 2.178171 inf 0.000000
 2.188643 inf 0.000000
 2.199115 inf 0.000000
 2.209587 inf 0.000000
 2.220059 inf 0.000000
 2.230531 inf 0.000000
 2.241003 inf 0.000000
 2.251475 inf 0.000000
 2.261947 inf 0.000000
 2.272419 inf 0.000000
 2.282891 inf 0.000000
 2.293363 inf 0.000000
 2.303835 inf 0.000000
 2.314307 inf 0.000000
 2.324779 inf 0.000000
 2.335251 inf 0.000000
 2.345723 inf 0.000000
 2.356194 inf 0.000000
 2.366666 inf 0.000000
 2.377138 inf 0.000000
 2.387610 inf 0.000000
 2.398082 inf 0.000000
 2.408554 inf 0.000000
 2.419026 inf 0.000000
 2.429498 inf 0.000000
 2.439970 inf 0.000000
 2.450442 inf 0.000000
 2.460914 inf 0.000000
 2.471386 inf 0.000000
 2.481858 inf 0.000000
 2.492330 inf 0.000000
 2.502802 inf 0.000000
 2.513274 inf 0.000000
 2.523746 inf 0.000000
 2.534218 inf 0.000000
 2.544690 inf 0.000000
 2.555162 inf 0.000000
 2.565634 inf 0.000000
 2.576106 inf 0.000000
 2.586578 inf 0.000000
 2.597050 inf 0.000000
 2.607522 inf 0.000000
 2.617994 inf 0.000000
 2.628466 inf 0.000000
 2.638938 inf 0.000000
 2.649410 inf 0.000000
 2.659882 inf 0.000000
 2.670354 inf 0.000000
 2.680826 inf 0.000000
 2.691298 inf 0.000000
 2.701770 inf 0.000000
 2.712242 inf 0.000000
 2.722714 inf 0.000000
 2.733186 inf 0.000000
 2.743658 inf 0.000000
 2.754130 inf 0.000000
 2.764602 inf 0.000000
 2.775074 inf 0.000000
 2.785545 inf 0.000000
 2.796017 inf 0.000000
 2.806489 inf 0.000000
 2.816961 inf 0.000000
 2.827433 inf 0.000000
 2.837905 inf 0.000000
 2.848377 inf 0.000000
 2.858849 inf 0.000000
 2.869321 inf 0.000000
 2.879793 inf 0.000000
 2.890265 inf 0.000000
 2.900737 inf 0.000000
 2.911209 inf 0.000000
 2.921681 inf 0.000000
 2.932153 inf 0.000000
 2.942625 inf 0.000000
 2.953097 inf 0.000000
 2.963569 inf 0.000000
 2.974041 inf 0.000000
 2.984513 inf 0.000000
 2.994985 inf 0.000000
 3.005457 inf 0.000000
 3.015929 inf 0.000000
 3.026401 inf 0.000000
 3.036873 inf 0.000000
 3.047345 inf 0.000000
 3.057817 inf 0.000000
 3.068289 inf 0.000000
 3.078761 inf 0.000000
 3.089233 28.239749 -179.736913
 3.099705 26.412254 -169.288864
 3.110177 24.499197 -160.817265
 3.120649 22.767416 -151.924534
 3.131121 21.170213 -142.848396
